195.40 68.78
200.55 53.46
151.46 27.13
195.04 36.36
146.38 23.03
186.89 51.15
200.67 37.15
170.51 29.52
179.81 55.01
192.26 53.65
176.24 52.96
168.60 27.99
17.68 82.48
188.04 79.72
133.14 2.69
278.15 2.40
195.15 53.25
180.80 38.02
161.61 50.46
168.06 51.55
193.16 27.42
197.54 6.43
168.05 52.75
156.65 80.61
185.52 59.10
119.25 9.67
180.92 31.23
155.01 52.49
176.96 43.13
155.78 70.45
266.90 7.83
353.51 88.71
163.48 27.64
49.94 5.49
177.26 76.04
177.89 34.40
183.13 58.90
183.75 54.14
165.33 25.39
181.20 38.01
149.35 61.95
174.64 61.40
167.16 30.30
249.47 32.29
148.04 67.81
203.28 16.34
172.60 40.59
178.02 20.76
169.85 51.14
194.14 42.44
196.68 20.06
176.41 37.32
185.22 45.30
171.31 88.86
139.79 28.96
172.42 43.01
161.92 44.76
155.17 40.25
155.70 28.13
172.70 43.75
163.17 58.69
155.59 47.75
164.99 24.78
169.48 40.26
89.11 42.17
150.73 26.87
164.26 32.72
169.95 36.47
161.18 33.60
166.99 54.63
151.06 45.98
156.31 37.53
175.50 22.51
156.90 35.16
151.03 36.78
144.68 30.68
159.95 29.20
166.51 29.10
150.98 28.41
147.32 27.11
151.26 22.81
182.18 34.66
167.58 35.77
165.56 23.67
166.52 25.70
156.68 29.36
171.42 32.78
156.99 41.07
181.55 44.42
175.47 55.12
187.91 38.12
190.41 49.26
186.44 46.20
150.52 16.78
176.59 41.51
170.78 38.52
178.00 42.63
186.34 30.59
191.66 29.30
173.22 48.86
226.19 26.62
200.77 40.17
186.91 17.91
182.03 29.69
172.45 37.73
174.13 25.33
181.24 35.56
181.42 39.48
168.42 36.87
134.64 16.03
170.63 40.72
158.02 46.80
187.83 40.52
177.29 33.87
150.90 25.05
154.69 26.79
128.96 12.79
140.94 57.56
149.91 24.25
140.69 24.74
355.46 56.44
149.86 42.75
163.05 52.70
153.29 17.62
153.44 30.35
157.63 25.31
290.43 64.56
165.41 39.45
159.88 39.89
174.06 47.41
146.36 28.52
161.06 32.41
167.82 31.91
141.85 13.58
153.87 40.48
164.55 44.54
142.86 30.65
177.17 41.64
159.94 39.26
170.42 10.74
123.37 34.39
148.53 44.02
154.27 36.09
129.09 36.45
151.42 22.76
170.46 14.51
73.90 18.66
147.12 48.46
157.82 41.16
154.64 22.78
143.24 47.96
137.16 24.65
173.31 42.35
171.17 40.92
160.84 39.75
167.49 37.57
177.32 30.58
171.19 34.90
170.79 41.85
144.72 35.61
153.77 34.96
152.98 41.48
135.38 37.24
162.09 45.59
132.86 34.69
137.53 38.12
144.74 34.69
136.76 36.10
150.88 48.20
155.35 25.39
138.99 24.83
182.67 43.06
173.09 50.89
144.77 24.36
346.29 79.92
175.00 37.78
141.58 63.16
135.87 19.38
143.21 46.49
172.62 34.78
160.07 89.76
138.40 23.32
153.69 22.88
165.21 46.91
159.67 37.05
168.73 41.33
179.47 39.14
159.90 33.17
167.87 27.27
158.15 45.97
115.57 19.78
158.33 53.80
162.37 42.12
190.82 35.10
167.53 45.42
162.95 39.00
154.12 29.50
177.82 29.66
174.48 33.39
174.35 25.55
268.40 9.46
157.09 34.10
159.24 29.46
180.66 11.54
167.68 8.70
166.36 11.32
157.09 34.52
177.26 37.29
160.47 32.74
138.80 14.01
140.07 9.33
109.82 22.74
166.56 34.17
161.21 43.65
152.16 5.69
176.47 50.77
175.78 40.47
169.51 38.49
109.01 32.71
138.53 38.11
161.92 35.29
156.01 21.67
329.81 75.28
188.95 34.04
106.82 28.96
127.35 52.58
154.76 23.51
171.46 55.46
136.22 27.44
212.05 24.15
165.88 34.60
167.66 47.79
164.41 38.49
138.72 39.91
147.18 21.25
161.93 31.17
143.91 34.65
163.50 11.78
179.12 23.55
126.61 22.01
116.85 6.07
190.89 14.05
174.34 30.11
172.38 42.73
167.78 40.36
114.60 8.88
182.56 33.67
175.84 27.63
78.78 8.77
97.90 7.66
169.62 22.54
163.10 42.10
182.77 10.74
179.36 6.19
154.04 30.82
