207.19 61.27
210.86 69.35
213.72 67.70
207.81 59.74
217.27 62.42
196.01 54.87
209.67 88.94
207.53 54.65
226.99 77.23
185.00 72.35
204.62 58.01
227.98 45.56
181.75 64.78
203.12 75.82
187.28 53.72
174.15 52.44
191.46 71.85
184.25 66.89
144.87 65.03
187.19 52.84
209.53 55.04
16.44 89.96
183.08 64.93
175.91 52.71
200.39 57.71
179.32 49.35
180.69 56.30
183.12 47.10
188.60 68.57
176.74 61.54
183.54 50.88
179.38 49.24
199.26 50.60
199.12 59.08
184.82 59.80
201.78 75.00
183.92 51.71
184.40 44.33
199.16 42.43
200.99 60.01
193.20 60.49
201.45 46.31
196.09 50.58
182.28 56.10
173.97 88.33
197.95 72.78
191.14 60.95
190.28 61.03
186.17 62.08
167.87 68.44
166.43 81.20
174.95 82.09
197.76 70.33
155.62 64.82
159.87 57.72
174.21 64.89
167.35 56.27
180.61 56.89
185.86 77.57
164.39 74.21
174.45 70.26
164.42 60.26
173.29 56.12
171.54 65.67
164.08 56.25
169.72 65.79
170.08 61.84
148.08 76.82
152.93 65.73
174.23 68.19
164.52 62.36
174.97 50.41
172.97 63.21
172.58 54.36
176.62 59.65
186.61 59.37
140.20 74.08
168.60 74.65
157.63 53.09
171.25 56.30
171.80 64.98
176.09 51.21
187.77 56.85
181.42 56.53
40.03 88.21
215.12 68.15
201.53 60.76
188.30 51.59
190.11 56.55
358.26 83.42
230.84 65.01
154.02 66.42
172.15 58.43
196.91 66.31
210.22 51.47
189.33 60.12
184.02 62.48
186.55 55.97
177.09 59.09
181.09 54.05
185.03 66.97
186.78 55.01
175.10 60.98
181.96 55.67
167.31 74.53
173.90 75.94
188.93 74.17
174.29 52.55
181.21 51.23
187.61 72.68
186.39 53.23
194.34 67.07
164.38 73.36
185.11 68.10
190.13 58.02
170.94 55.28
173.93 66.26
181.59 56.84
175.35 60.82
166.60 39.34
171.87 87.69
177.92 61.06
170.41 63.90
173.72 61.39
170.77 59.43
166.94 57.15
175.87 64.09
161.23 35.49
113.30 84.02
174.14 79.84
151.71 73.80
148.80 60.44
188.49 52.84
188.49 60.54
160.95 62.81
168.89 58.18
172.50 58.89
184.25 53.71
222.64 52.65
130.47 86.51
146.41 32.91
183.02 50.50
210.56 60.24
205.72 69.53
168.25 59.05
204.09 84.46
125.68 87.00
229.26 77.26
241.32 77.27
217.30 72.66
205.66 70.27
31.09 89.05
225.57 46.19
192.79 42.79
172.02 51.85
194.89 61.83
198.60 61.23
215.83 74.23
208.25 58.56
178.78 51.83
174.94 54.29
168.72 58.27
166.47 45.32
166.68 65.05
185.06 72.00
176.01 46.54
167.51 64.89
155.86 67.56
166.22 54.11
167.81 50.13
120.63 85.65
140.20 62.95
146.32 57.29
185.76 59.44
188.58 68.04
204.48 67.48
194.70 54.03
184.97 72.90
132.83 66.96
145.90 61.01
151.90 54.96
171.06 46.96
191.88 56.16
194.89 59.14
199.36 59.08
177.84 82.50
163.45 75.71
150.53 52.77
177.95 52.37
180.64 60.37
180.32 55.14
181.54 40.38
148.20 56.13
183.24 71.03
99.24 68.14
113.72 59.53
164.09 56.35
153.34 52.72
155.61 56.93
160.16 57.56
166.24 60.31
169.41 52.50
151.12 51.37
157.75 62.16
158.96 70.15
184.32 86.93
162.38 76.02
165.01 62.99
108.98 60.76
105.23 61.70
190.21 79.46
176.65 48.08
173.76 52.84
149.29 51.44
140.22 70.53
192.10 78.26
17.39 85.62
198.63 63.83
158.20 45.30
157.21 55.83
168.19 70.60
176.98 57.19
159.72 53.03
169.79 56.49
109.68 72.35
46.72 84.16
155.39 52.17
175.84 71.83
179.78 60.59
180.63 54.85
183.10 44.78
210.13 47.24
207.71 84.97
142.53 75.08
185.73 61.26
212.33 44.53
194.96 26.11
182.05 58.09
188.98 54.53
185.81 60.59
185.50 33.40
182.94 78.06
184.66 72.05
160.03 62.26
171.68 52.83
175.76 70.55
166.76 63.14
200.25 74.51
189.92 57.90
189.43 41.34
177.01 41.18
185.30 70.64
177.93 79.84
163.11 80.32
186.50 63.85
174.63 61.94
181.15 60.28
183.76 66.88
195.24 62.10
190.88 48.89
191.42 47.02
158.61 56.19
185.57 65.50
210.19 71.46
197.68 56.89
191.62 71.32
192.68 58.68
189.74 51.80
182.63 46.80
186.76 45.26
109.00 72.95
145.75 66.12
163.74 67.60
143.26 32.50
188.89 69.78
190.99 61.88
178.97 63.25
187.55 55.76
182.25 49.10
169.54 44.64
184.98 65.97
33.44 86.79
179.77 48.30
153.98 49.83
186.79 65.86
189.40 65.38
184.43 57.25
171.62 57.91
162.02 45.73
167.25 72.13
173.81 78.86
108.47 37.42
144.61 59.71
173.75 68.50
171.92 71.15
168.90 57.02
181.15 57.27
170.52 62.19
191.46 88.79
172.28 61.04
169.09 56.98
156.73 61.44
160.89 68.65
162.00 55.64
176.79 54.14
179.23 56.82
177.18 32.70
177.32 73.71
184.94 68.12
174.99 72.91
161.21 57.80
156.87 59.17
149.66 48.96
191.94 64.55
199.76 55.73
200.65 46.94
195.71 58.70
181.90 65.74
178.27 61.88
157.80 54.80
147.42 45.42
155.97 45.46
167.66 44.88
152.59 69.35
170.09 70.32
1.86 88.12
176.01 62.00
170.45 74.95
178.29 61.56
178.79 64.46
169.75 51.49
169.87 36.02
172.38 47.48
165.35 71.84
347.04 79.13
343.51 43.63
152.03 80.14
336.60 39.47
171.09 65.37
175.92 64.91
198.76 64.72
211.83 62.97
216.92 44.62
198.39 52.07
150.50 78.52
161.38 74.99
167.98 70.18
175.21 71.91
183.40 40.27
201.86 61.37
178.96 65.88
180.89 47.10
180.27 49.95
177.69 73.99
179.83 79.23
173.85 57.66
295.00 60.24
198.62 65.57
175.62 66.24
189.76 68.72
174.88 50.23
162.93 41.68
116.98 31.38
175.32 73.26
188.85 64.77
174.97 60.42
168.80 51.61
177.48 65.79
171.22 63.97
177.95 67.69
190.49 61.12
181.66 49.35
118.58 34.24
178.63 54.21
188.90 70.24
180.23 62.23
181.54 60.38
186.83 51.46
209.15 55.02
175.86 85.84
96.58 78.62
183.43 86.96
186.63 54.19
183.13 52.28
200.27 64.13
199.50 64.82
196.44 53.13
190.73 61.02
188.16 55.47
183.01 45.87
184.30 68.50
175.32 80.30
176.80 53.56
163.08 50.39
171.23 58.00
174.46 62.92
177.91 58.05
168.47 54.65
175.74 48.61
186.33 47.73
175.63 40.17
147.26 46.67
181.26 76.94
187.91 85.28
180.03 62.10
202.55 68.41
189.07 45.82
201.35 71.02
184.06 60.61
165.88 65.17
174.45 53.19
175.89 37.83
191.52 47.76
175.96 46.36
175.46 45.23
180.24 82.54
183.57 79.54
197.59 75.82
209.81 56.42
222.30 58.85
228.23 56.24
199.60 75.10
194.90 72.97
170.32 58.16
165.52 31.80
161.52 37.14
184.42 52.68
154.68 74.14
187.78 78.22
244.76 87.92
200.88 58.67
178.96 54.41
186.09 69.28
192.63 65.34
205.87 59.35
200.57 52.61
179.96 28.92
189.85 70.67
329.69 63.66
203.68 45.23
179.47 66.14
178.32 67.45
171.19 62.62
175.13 61.44
176.63 52.45
189.04 37.92
184.06 79.52
159.93 87.18
123.13 78.25
258.49 30.99
166.99 66.04
165.58 68.30
158.21 62.92
169.21 56.55
175.22 51.45
157.59 46.82
170.53 52.43
185.00 81.17
159.86 69.99
135.21 72.81
171.70 44.13
169.57 56.01
168.58 61.53
177.04 70.50
168.19 57.92
175.62 52.60
173.52 50.52
203.80 43.83
147.30 41.72
160.00 59.34
191.69 64.63
194.88 85.49
179.08 76.72
201.88 49.59
202.35 54.01
181.94 57.08
177.11 64.09
184.45 77.28
184.54 62.80
193.28 48.97
174.93 49.05
171.68 65.06
200.83 66.60
158.97 70.71
162.71 53.93
181.41 61.30
168.17 67.91
166.58 62.01
152.84 53.65
174.20 55.04
170.44 37.59
180.78 43.90
158.89 71.05
189.81 81.14
175.97 57.01
159.65 65.34
159.66 68.67
176.47 70.05
179.14 62.44
184.63 47.61
168.25 51.90
149.59 41.39
153.48 49.26
175.25 71.66
163.06 75.60
167.53 67.55
204.99 77.48
182.31 65.90
184.61 61.17
201.29 56.90
202.10 61.27
217.77 65.09
173.51 42.97
178.37 41.91
199.36 69.40
201.28 59.50
225.55 66.91
207.50 65.17
201.04 65.59
200.33 59.36
203.30 51.78
208.59 71.01
182.41 56.92
190.71 59.59
191.59 68.37
184.69 59.98
187.39 53.82
190.08 49.98
188.02 57.75
332.33 40.66
175.72 84.15
206.99 69.12
214.67 77.11
201.12 68.93
185.01 57.06
186.83 59.25
182.99 51.82
197.62 60.76
183.77 70.71
211.33 54.05
155.13 67.27
173.97 71.57
161.54 57.90
208.30 58.68
198.13 69.59
165.01 60.77
173.25 42.67
182.20 48.22
6.63 84.27
200.76 87.54
119.56 59.30
182.91 70.59
90.63 56.32
181.15 57.06
195.24 67.92
187.02 47.72
171.08 45.31
172.85 30.55
151.30 70.39
197.98 84.86
176.57 70.21
197.87 65.38
222.11 69.68
177.07 53.81
170.82 51.73
148.70 36.13
147.96 34.31
188.33 75.06
208.81 53.75
217.88 77.68
184.63 61.03
200.48 62.24
181.41 40.45
194.50 51.40
162.37 28.88
158.44 27.41
157.77 10.90
125.36 80.53
199.96 70.04
193.29 67.44
190.86 66.19
200.27 62.04
153.34 48.71
166.17 41.85
145.32 59.84
98.57 59.44
219.20 74.29
143.85 39.89
192.36 74.09
199.92 70.47
191.87 69.68
185.58 60.88
187.37 54.23
159.98 43.90
157.06 49.41
160.98 56.23
183.03 69.69
207.45 64.18
196.28 76.63
217.47 69.61
181.27 69.00
180.81 70.08
189.30 72.68
188.07 62.34
198.69 59.80
187.92 51.30
170.42 55.75
179.32 37.80
131.02 71.31
95.45 63.46
187.72 66.04
162.78 68.74
160.57 61.86
181.10 68.85
194.63 68.19
198.35 70.18
186.51 63.79
190.12 51.02
209.67 57.01
194.71 61.70
176.48 37.51
171.10 41.45
104.99 32.28
209.82 48.22
157.19 59.23
35.24 87.87
184.92 64.31
201.17 56.35
200.26 78.12
183.98 59.05
185.26 44.99
190.03 43.16
189.72 66.86
212.50 62.32
195.74 77.12
188.49 52.21
196.04 70.43
186.14 76.27
183.26 39.69
156.33 52.74
138.83 43.99
178.46 44.58
177.10 65.94
172.88 62.65
21.26 87.32
167.73 56.28
190.75 83.07
168.17 51.85
169.84 62.52
192.45 53.97
159.81 57.85
192.70 74.85
172.60 45.23
206.70 80.69
180.79 63.19
196.54 76.27
221.49 66.80
219.82 55.11
179.29 62.84
268.66 64.28
211.69 50.37
205.02 72.42
85.51 15.99
164.77 81.22
185.02 56.45
188.27 60.91
177.30 61.11
206.37 62.44
186.25 77.90
31.80 85.78
186.45 68.42
201.86 68.43
197.41 58.97
170.79 52.16
194.95 72.47
190.26 43.80
158.41 63.42
26.19 77.26
210.55 76.85
199.88 61.28
192.75 70.75
205.03 45.41
198.02 62.97
204.59 31.65
140.04 62.48
154.14 48.97
176.53 88.28
119.37 58.92
186.92 76.45
177.95 59.28
190.22 68.88
197.61 66.45
188.33 51.96
157.81 56.60
162.10 67.96
198.29 78.96
170.35 43.61
181.63 68.26
189.08 66.89
187.72 67.64
170.03 59.00
224.34 76.40
148.16 17.35
164.59 27.55
264.43 50.76
204.47 67.98
215.78 63.56
213.45 85.67
246.95 63.56
197.81 60.98
124.21 60.14
164.62 50.42
171.05 20.51
215.90 76.45
214.15 57.26
206.83 58.46
11.21 76.23
202.13 74.61
6.84 56.70
149.51 55.78
141.38 65.85
349.02 87.27
210.28 57.95
218.82 61.19
208.52 60.23
216.94 59.02
164.89 26.59
167.08 64.21
144.37 58.44
178.55 68.98
194.37 50.90
208.26 58.32
144.59 55.94
178.11 64.19
185.33 68.28
167.01 58.75
179.98 62.59
149.68 31.67
140.15 64.61
180.35 68.09
177.55 73.60
135.60 45.77
225.62 40.94
189.91 72.71
207.04 53.08
164.47 73.43
158.05 62.23
165.17 60.55
157.22 55.86
139.59 64.75
107.90 36.36
160.35 63.34
181.15 49.37
190.79 74.13
167.92 50.12
194.76 74.06
178.30 51.25
214.42 47.80
166.34 64.23
175.12 69.16
172.04 63.39
177.29 54.41
186.80 49.56
152.93 76.29
182.02 69.94
170.68 27.72
131.09 63.61
133.37 27.24
178.35 59.66
156.91 64.12
182.24 74.58
170.72 69.07
176.36 61.24
169.98 62.66
178.61 50.10
187.68 48.57
180.91 28.26
135.44 39.17
180.79 45.78
184.62 72.80
193.37 39.81
162.08 44.55
127.16 60.47
146.03 67.08
143.41 66.38
165.03 79.11
166.24 60.57
172.94 59.09
173.53 27.60
188.92 37.15
214.42 37.73
185.51 37.50
162.02 73.87
180.47 55.73
146.59 65.14
154.37 60.18
171.73 72.24
177.29 62.35
172.16 58.41
178.94 57.35
169.26 34.24
180.66 32.96
174.18 43.80
168.17 42.37
152.49 76.94
159.99 62.94
158.78 79.95
162.72 65.11
155.33 61.34
169.61 65.04
173.34 63.92
177.84 61.57
172.79 54.39
166.36 40.99
170.23 23.98
148.63 74.14
190.24 78.78
337.57 78.02
153.38 63.12
170.40 58.05
166.18 59.30
170.84 63.38
174.80 62.14
170.46 59.56
172.51 51.67
178.08 38.53
165.15 38.82
139.38 57.00
136.86 53.71
153.36 46.81
266.73 34.10
159.71 73.69
173.06 66.79
156.25 50.90
155.59 57.80
156.02 58.54
170.10 61.46
168.91 59.87
170.41 48.31
161.55 46.29
159.79 42.53
166.21 49.02
155.09 56.83
149.71 48.78
143.97 47.08
143.66 60.01
143.50 63.14
166.67 56.40
162.74 61.39
158.32 56.59
157.55 59.87
158.90 60.81
165.16 60.57
161.27 47.75
168.86 41.16
175.33 45.74
179.08 34.31
157.79 61.22
164.09 59.87
146.62 59.08
153.74 57.30
134.26 63.85
153.72 56.62
154.71 49.89
149.60 53.96
157.88 56.77
157.73 60.50
156.47 63.62
151.82 62.03
153.35 59.61
156.07 44.02
161.59 48.34
153.68 41.23
159.21 37.62
163.28 40.01
134.95 37.56
151.95 37.31
131.93 55.29
147.45 79.20
142.66 59.19
134.25 69.95
142.05 57.48
146.37 58.56
148.07 60.78
153.02 63.96
149.55 60.56
158.02 49.06
149.88 42.22
158.16 50.11
146.36 41.80
152.28 31.26
162.52 43.54
151.40 34.27
276.40 86.89
149.03 72.79
146.11 73.17
189.31 76.49
148.59 76.72
132.84 66.53
133.44 58.03
135.16 58.72
141.69 68.65
137.24 62.68
141.47 66.55
142.82 53.40
143.29 44.52
151.13 42.33
158.96 47.15
164.21 30.72
157.93 31.07
161.52 44.35
151.92 41.33
187.45 71.11
239.11 21.54
149.26 81.78
155.27 71.37
132.92 64.91
173.26 44.45
206.85 54.75
177.68 62.40
147.81 57.08
141.52 67.80
139.60 64.69
141.90 58.29
143.51 59.61
135.08 47.15
148.83 37.14
162.12 41.54
157.17 42.56
135.51 48.03
133.39 43.07
124.51 42.86
155.61 47.36
172.97 60.53
127.37 55.78
136.31 71.92
104.12 75.87
110.59 65.24
117.89 71.17
163.22 69.97
164.24 70.88
334.43 62.66
169.50 67.65
154.81 63.04
148.86 65.71
145.48 56.06
138.05 60.31
144.77 53.84
151.37 84.95
184.85 41.09
151.11 49.38
140.05 53.91
136.92 47.22
190.07 44.83
140.20 27.91
144.16 39.03
152.56 36.31
151.62 36.73
182.30 69.60
165.25 80.51
144.94 88.92
144.34 54.53
151.37 70.89
149.61 59.39
149.24 60.73
153.11 49.80
153.86 45.43
176.54 48.90
207.91 63.11
139.67 43.87
120.08 46.21
98.10 35.85
135.40 47.41
172.28 58.55
150.52 37.29
158.24 49.74
155.80 48.83
143.37 84.95
152.54 54.15
172.62 62.14
178.11 61.97
182.78 58.02
160.11 71.96
160.00 67.65
153.21 53.11
159.13 59.10
157.12 44.81
158.45 36.41
166.37 31.64
198.15 25.42
199.47 75.83
215.85 31.20
107.49 55.16
147.28 37.70
140.66 48.38
169.35 72.24
184.03 61.46
170.15 67.60
166.52 76.32
176.67 63.93
168.74 59.86
158.78 60.65
154.28 36.09
160.74 33.29
156.33 43.76
159.39 18.08
154.18 20.13
175.05 40.84
181.48 39.72
163.59 49.01
140.21 45.65
200.62 33.09
162.24 58.73
173.23 71.57
174.31 69.03
179.11 44.95
172.96 59.52
172.24 50.63
168.82 38.36
166.35 29.04
164.11 36.18
166.70 41.09
175.68 22.16
149.08 29.64
142.40 28.98
148.23 27.17
153.10 44.29
170.08 53.85
129.95 48.86
144.06 52.57
144.62 36.19
124.60 82.30
182.57 44.61
184.91 62.31
123.65 64.90
179.96 68.33
174.01 67.95
177.80 59.37
172.82 58.07
175.35 49.66
189.65 36.42
181.45 32.86
169.53 36.02
164.02 35.99
155.96 27.81
149.82 25.00
158.67 29.86
162.22 46.26
132.76 52.42
140.39 41.27
161.35 29.51
161.02 70.76
95.62 58.44
180.72 67.88
184.18 64.80
177.07 66.23
183.85 60.74
170.71 51.23
176.65 45.82
169.55 31.93
182.96 40.04
160.18 28.88
139.01 26.84
148.18 29.07
149.59 42.34
121.52 34.12
150.19 34.33
144.20 49.21
44.47 46.96
145.21 36.56
132.04 27.70
144.93 46.35
152.56 60.89
152.16 47.63
185.85 63.35
171.93 71.05
186.56 64.72
188.51 58.36
188.63 61.59
185.78 45.82
191.58 30.22
183.93 35.29
173.23 22.03
147.92 54.64
133.09 37.41
142.96 44.15
134.75 48.34
141.57 41.55
154.30 53.90
182.53 53.11
191.65 70.73
187.66 64.28
181.86 60.38
184.81 58.00
189.21 42.45
186.92 32.77
182.41 39.38
175.30 38.60
183.54 37.70
180.92 28.43
190.19 24.62
142.53 40.74
166.57 41.48
151.67 47.26
151.74 43.37
150.34 37.02
150.28 57.93
153.02 48.30
153.22 38.41
122.34 43.55
184.39 82.26
186.69 64.03
184.29 65.05
177.40 61.14
175.54 58.25
180.71 49.70
177.82 37.21
170.09 31.68
166.50 30.74
179.11 46.89
177.72 32.41
176.44 37.43
189.88 44.52
147.89 48.75
130.97 47.77
155.38 42.93
143.53 52.65
108.77 55.65
171.07 77.87
158.33 75.67
170.55 70.38
168.03 63.40
177.10 67.53
177.50 61.20
182.89 55.62
182.25 48.80
175.57 42.64
180.25 30.55
172.85 33.46
164.19 37.35
163.32 43.44
121.07 65.73
119.96 41.93
136.89 63.56
174.57 35.36
137.10 46.22
131.69 71.77
357.55 81.97
146.31 68.75
169.72 71.17
170.07 62.34
175.96 66.39
183.42 61.59
179.39 59.36
177.89 50.88
174.83 44.29
167.45 32.10
171.34 34.18
171.19 39.42
119.58 49.12
159.31 45.91
126.20 51.63
173.54 67.45
179.48 66.54
153.85 70.10
156.83 55.26
158.93 66.92
180.60 70.12
183.02 60.67
181.92 59.19
179.37 62.64
166.29 50.02
159.48 32.08
163.62 37.43
158.53 33.49
180.96 43.76
154.94 45.17
147.17 40.73
179.15 53.40
131.46 41.65
134.28 49.29
150.61 55.58
181.66 70.86
161.14 84.78
194.53 22.34
216.64 42.96
351.65 80.76
176.58 58.67
177.97 54.33
174.99 71.39
166.46 60.80
171.89 67.05
171.25 45.62
170.89 44.87
162.03 33.69
165.51 34.40
179.39 33.09
140.61 41.31
147.59 66.95
152.89 54.91
129.74 43.50
108.74 75.75
156.39 69.90
188.05 84.54
153.26 58.70
6.15 83.33
141.02 68.75
176.57 63.18
152.43 61.86
159.67 59.96
169.55 66.90
164.18 57.89
170.57 57.39
166.28 39.08
163.58 43.24
172.68 37.06
178.76 36.04
175.25 29.87
170.40 35.28
171.84 38.65
170.39 31.64
107.86 61.88
183.96 70.61
184.76 52.21
156.75 44.49
140.41 43.93
68.20 33.31
149.18 73.07
131.42 73.31
131.42 37.86
125.51 45.11
153.69 67.25
122.78 73.14
136.58 60.73
25.45 60.42
46.87 86.83
150.18 78.00
159.92 67.34
143.51 65.16
154.12 67.95
158.02 59.67
197.30 48.58
201.88 55.53
157.10 45.90
158.65 46.94
152.67 40.69
162.80 36.70
157.87 31.64
162.17 36.29
157.90 42.83
155.17 42.99
136.19 34.97
150.53 24.39
137.01 35.02
188.46 52.35
200.50 69.57
100.05 20.18
142.01 48.42
176.84 42.99
146.57 77.49
144.27 14.92
158.31 73.83
142.61 74.51
167.75 83.69
177.07 80.00
138.87 64.24
146.89 56.45
158.92 55.86
169.55 33.40
155.93 53.42
166.39 68.35
147.22 42.55
139.73 36.34
150.65 32.58
154.26 32.89
154.66 43.98
153.11 40.68
160.70 40.01
171.50 21.14
186.56 34.43
165.06 51.81
153.58 28.78
171.71 47.97
219.81 24.27
75.10 56.53
142.35 43.98
109.91 50.32
126.66 75.57
131.59 42.85
161.69 74.10
129.88 72.01
152.39 84.43
155.37 71.53
152.07 78.81
164.26 69.06
159.76 45.34
83.07 55.72
154.08 52.92
148.79 57.11
160.85 69.73
158.07 40.94
143.70 34.42
131.31 36.11
147.42 38.05
154.17 44.58
153.49 39.46
153.20 39.80
170.79 16.88
139.95 54.13
198.34 50.16
166.76 68.47
333.90 64.40
163.07 60.48
108.71 35.30
112.46 89.43
139.93 68.98
147.22 64.02
139.04 72.48
142.14 71.45
137.97 74.78
93.22 77.92
152.87 53.12
138.04 48.56
146.77 59.15
157.32 52.52
159.48 36.83
145.94 38.75
143.70 33.89
157.42 39.07
162.12 37.76
161.25 39.42
124.74 57.21
150.55 40.14
177.20 44.20
82.34 46.43
132.37 53.82
169.13 64.28
131.07 78.86
105.73 71.53
143.70 85.25
121.01 73.72
144.85 45.77
151.73 68.49
157.87 74.60
152.24 75.85
145.98 60.83
150.82 57.10
147.32 46.97
155.07 42.11
141.67 38.63
131.51 54.86
148.74 41.93
156.33 33.52
162.91 37.03
155.35 39.38
138.34 37.11
148.61 37.64
167.43 35.59
168.68 31.50
158.41 44.99
125.11 37.37
141.48 39.14
164.69 73.07
164.62 63.47
175.52 70.22
162.47 67.84
140.59 63.31
115.63 66.45
139.99 75.82
150.39 66.28
158.45 57.30
161.94 55.46
171.88 31.75
167.90 35.75
145.93 43.67
137.33 33.76
150.47 35.83
156.10 39.12
160.32 47.97
132.96 28.84
161.49 36.81
151.26 28.52
160.74 27.39
144.11 17.30
148.70 33.12
160.39 21.34
130.70 41.36
151.15 36.37
148.15 35.36
158.06 39.63
168.30 76.23
173.33 49.67
139.44 71.05
146.45 68.57
145.21 69.26
149.83 68.22
145.92 60.89
157.07 58.68
148.43 44.95
153.15 37.34
156.93 39.80
158.09 46.47
138.00 32.80
140.61 33.02
156.11 38.81
1.30 43.81
238.17 4.69
141.26 30.45
152.84 56.41
151.71 48.74
169.83 46.97
156.06 36.58
138.34 36.06
120.81 24.66
142.81 47.03
144.71 44.68
167.89 85.73
116.85 71.86
142.10 67.95
145.73 60.40
150.67 68.50
147.92 68.35
147.30 64.82
142.75 56.34
149.66 53.05
149.14 41.40
150.87 37.06
159.71 30.08
166.51 52.05
142.12 45.73
138.73 32.76
135.84 31.51
163.76 46.79
165.32 39.19
133.74 27.00
144.07 44.27
132.87 44.51
159.83 70.43
156.08 67.96
161.05 65.99
160.09 59.92
148.09 53.55
152.56 42.21
147.22 37.51
148.06 29.62
161.32 30.33
181.68 43.57
199.59 44.14
153.97 49.76
152.30 38.64
130.74 47.92
190.24 71.31
185.21 32.16
191.34 77.69
202.16 84.72
168.79 67.00
173.24 61.46
176.52 63.54
166.02 47.83
155.10 37.07
139.79 26.17
143.22 32.60
177.07 38.04
179.51 39.04
141.29 25.18
128.01 40.03
171.02 55.47
149.31 38.35
162.46 47.80
161.08 44.00
166.42 76.54
171.35 71.80
177.96 64.18
175.39 69.05
194.87 61.94
178.18 61.99
177.69 58.11
175.78 52.23
167.62 41.20
158.04 37.36
135.02 39.93
140.82 36.90
154.01 29.24
155.40 27.58
150.95 38.79
151.50 43.81
155.82 43.49
155.71 51.33
157.90 44.55
152.49 29.24
132.57 35.76
156.55 67.49
150.58 60.92
182.91 49.92
160.38 67.52
170.43 72.17
171.66 83.66
185.06 68.68
175.70 64.30
176.52 45.26
173.06 42.16
159.53 39.37
141.92 41.36
136.31 37.97
135.18 41.35
129.66 35.38
130.52 35.54
145.94 46.00
155.05 45.05
137.38 33.89
88.32 17.66
152.11 46.40
149.48 49.96
157.03 46.16
129.12 32.34
160.39 47.31
153.33 36.88
155.46 51.43
160.02 69.83
165.56 62.97
150.69 60.29
150.21 72.71
161.32 77.79
311.45 89.85
146.47 80.21
161.71 62.00
161.93 59.59
193.72 65.93
174.02 54.74
153.36 44.73
159.98 45.51
144.47 36.80
146.23 33.19
136.51 29.69
141.10 33.93
174.41 46.74
149.33 31.63
133.40 20.47
148.87 43.85
161.26 40.47
180.86 38.70
222.50 41.89
183.71 64.06
162.04 80.14
146.96 70.42
146.81 70.46
158.68 67.73
160.24 63.97
161.85 54.19
152.56 48.89
138.63 53.09
102.03 52.33
168.45 45.04
156.20 35.73
150.47 30.92
142.05 34.16
148.15 41.73
153.01 40.89
146.73 33.83
149.08 24.49
157.03 41.75
130.64 41.65
165.56 38.92
164.20 38.73
65.49 72.62
176.91 78.82
157.20 74.26
154.39 72.50
155.91 67.16
162.91 61.77
159.39 54.96
148.56 57.78
130.50 61.16
121.75 57.53
177.77 50.92
171.84 38.57
183.49 38.01
156.08 39.93
136.61 47.94
132.55 39.07
148.48 40.72
140.14 18.32
159.15 48.62
160.54 46.51
163.04 45.98
175.12 60.44
159.08 58.22
164.87 71.50
146.13 68.21
145.63 72.44
162.30 64.28
163.34 68.72
151.96 67.28
149.37 61.47
150.49 60.67
153.45 56.05
163.56 33.80
148.51 47.86
171.24 47.88
159.65 44.98
170.97 21.19
187.64 49.33
174.85 43.40
156.83 25.85
152.61 31.19
166.10 11.01
135.53 44.58
178.72 47.21
189.74 66.26
128.45 68.64
131.92 80.51
118.29 76.56
131.94 82.10
158.75 60.39
164.73 68.50
158.62 73.54
155.69 64.28
154.61 57.26
156.54 55.45
166.48 54.91
186.18 32.02
175.81 32.13
185.74 31.75
166.52 47.37
198.42 45.29
195.35 30.08
153.74 44.45
159.58 48.85
144.51 55.03
156.43 66.88
195.66 82.34
160.06 70.49
160.70 66.48
143.24 56.71
126.95 70.23
142.89 67.86
142.00 66.04
148.85 76.82
162.30 67.09
163.77 60.41
161.50 55.51
159.14 53.58
165.45 49.27
168.12 45.46
167.12 33.78
169.35 29.12
187.35 26.22
222.33 23.75
28.10 63.20
173.48 42.55
153.51 35.44
174.31 63.91
147.82 23.99
158.14 42.89
142.66 69.90
124.25 62.45
150.83 70.09
132.27 67.54
130.02 67.88
149.49 60.53
153.19 68.26
156.40 62.84
164.62 56.80
164.09 59.34
157.51 54.58
162.98 44.40
161.72 33.86
170.45 35.51
162.58 28.56
156.07 33.27
145.69 33.20
125.73 41.04
162.06 31.40
190.24 44.72
119.89 43.26
134.78 35.36
169.66 57.91
209.54 61.77
194.19 47.57
166.29 68.94
144.58 62.08
142.59 67.65
146.32 64.46
148.84 60.57
154.35 54.06
160.52 55.56
162.48 56.58
151.14 35.75
165.56 33.30
163.27 37.26
159.10 35.86
163.60 40.29
138.77 32.64
156.24 24.90
166.98 21.51
200.81 27.54
162.33 63.82
176.14 67.70
178.64 73.48
145.09 89.39
151.09 72.49
159.33 64.71
125.76 73.40
130.80 61.67
179.20 76.83
104.24 86.85
132.80 72.24
138.23 70.88
144.91 54.24
144.55 55.88
151.31 54.43
171.20 49.49
165.69 27.08
160.52 36.49
161.54 36.70
165.02 28.64
163.61 30.40
173.22 43.09
172.56 30.17
145.73 21.46
141.21 38.74
150.63 42.96
167.87 26.08
180.46 53.22
158.48 47.47
152.51 66.72
159.73 60.56
169.74 61.54
96.12 32.00
148.10 72.50
158.29 86.96
166.20 76.86
138.09 56.98
127.40 63.39
121.52 62.72
124.39 62.52
127.85 51.90
145.05 47.57
161.81 25.33
157.89 39.05
161.81 35.87
150.21 32.32
151.29 34.43
160.88 30.29
165.75 38.85
152.89 37.64
146.05 38.79
140.83 32.19
91.41 3.83
175.62 67.83
142.66 68.96
158.99 65.89
174.83 56.39
139.32 63.48
158.24 64.85
148.37 64.13
141.07 58.23
134.69 58.04
122.56 48.64
135.73 47.22
159.38 37.17
156.36 40.15
159.97 37.76
162.29 29.64
157.70 34.21
146.62 40.25
143.61 33.71
153.29 40.76
155.15 34.21
151.20 27.17
45.55 32.35
158.92 74.92
189.08 64.02
167.82 59.86
157.57 75.93
165.21 70.26
152.44 50.11
158.47 62.94
151.47 45.74
137.11 44.58
139.26 40.10
169.10 44.77
240.28 79.48
47.13 67.74
163.24 25.91
162.07 36.82
178.49 31.18
163.82 32.40
167.78 33.73
171.21 29.32
175.79 18.27
203.62 72.15
175.08 69.11
167.69 77.26
146.93 71.84
162.87 68.17
159.18 52.81
173.34 53.53
180.94 45.84
156.82 32.72
152.39 41.66
121.13 38.13
92.43 46.14
145.42 38.44
27.42 55.69
152.13 30.97
153.54 32.78
164.55 32.13
168.40 25.40
184.80 37.55
165.15 30.84
173.10 22.52
184.19 85.17
172.57 73.49
160.92 75.89
146.89 61.68
158.53 49.65
150.32 49.56
163.17 42.78
158.71 45.25
152.55 40.09
172.38 36.13
117.87 30.95
128.28 28.06
143.49 30.91
151.73 32.92
151.33 32.84
140.95 38.06
132.89 31.27
169.31 27.24
171.96 81.49
172.79 80.98
178.40 80.87
161.89 49.67
165.45 41.99
158.48 37.62
141.64 27.19
126.10 22.72
135.99 27.66
137.71 35.95
145.21 38.52
152.18 32.54
145.47 40.51
128.07 40.22
134.16 23.37
152.10 20.09
152.85 81.14
179.96 76.37
167.49 84.09
165.19 67.27
162.53 57.27
161.51 53.53
135.12 51.97
155.79 35.60
166.66 33.28
174.80 41.74
177.08 35.73
173.61 21.81
133.48 17.82
143.00 33.02
144.24 32.99
180.29 35.38
151.34 36.45
148.30 36.63
155.61 33.25
122.53 24.02
153.66 68.43
151.58 70.33
186.33 73.67
164.88 66.48
165.24 52.61
172.11 49.35
177.04 33.14
174.13 31.43
184.35 36.91
174.84 39.74
171.47 25.75
177.08 32.16
149.95 32.85
144.69 36.97
129.75 36.07
149.66 32.81
157.49 32.24
163.93 25.53
109.43 76.84
146.80 69.72
169.68 77.71
169.74 68.07
152.44 46.80
168.53 44.26
162.02 38.67
169.01 26.92
179.33 33.12
179.49 40.10
157.45 37.53
156.02 29.92
143.07 31.05
146.96 37.26
140.44 24.43
158.54 20.10
162.64 71.23
148.53 79.18
128.54 73.43
110.56 68.54
173.96 28.21
167.35 25.64
171.99 33.53
180.87 34.62
173.32 39.86
170.23 39.01
163.91 38.56
157.50 30.43
146.60 33.40
128.58 23.34
154.34 22.87
176.68 33.12
171.82 37.62
179.10 38.54
182.77 38.57
171.62 41.68
165.82 39.47
153.28 32.87
156.26 31.15
167.82 37.43
175.03 29.96
175.69 39.26
174.31 36.91
175.70 44.58
171.98 37.90
167.72 33.63
163.72 31.06
170.91 39.13
154.45 45.32
152.86 36.97
173.22 44.12
172.20 39.76
161.11 39.33
156.55 49.18
161.18 28.99
167.92 39.79
170.43 40.26
169.94 44.49
158.99 42.51
150.81 39.40
