425.4581 278.3813
422.631 277.8317
421.5055 278.5909
419.6207 278.2245
418.6784 278.0414
417.736 277.8582
416.7936 277.675
414.7257 278.251
413.7833 278.0678
412.6578 278.827
411.7154 278.6438
410.5899 279.403
409.6475 279.2199
408.7051 279.0367
407.7628 278.8535
407.5796 279.7959
406.6372 279.6127
405.6948 279.4295
405.5117 280.3719
404.5693 280.1887
402.6846 279.8223
401.7422 279.6392
400.7998 279.456
398.7319 280.032
396.8472 279.6656
396.664 280.608
395.7216 280.4248
394.7792 280.2416
393.8369 280.0585
392.8945 279.8753
390.8266 280.4513
388.7587 281.0273
387.8163 280.8441
386.8739 280.6609
385.9316 280.4778
384.9892 280.2946
384.0468 280.1114
383.1044 279.9282
381.2197 279.5619
380.2773 279.3787
379.335 279.1955
378.3926 279.0123
376.3247 279.5883
374.4399 279.222
373.4976 279.0388
371.6128 278.6724
370.4873 279.4316
368.6025 279.0653
367.6602 278.8821
366.7178 278.6989
364.6499 279.2749
362.7651 278.9085
361.8228 278.7254
360.8804 278.5422
359.938 278.359
358.0533 277.9926
357.1109 277.8095
354.2838 277.2599
353.3414 277.0767
352.3991 276.8936
351.4567 276.7104
349.572 276.344
347.6872 275.9777
346.7448 275.7945
345.8025 275.6113
343.9177 275.2449
342.9754 275.0618
342.033 274.8786
340.1483 274.5122
339.0227 275.2714
338.0803 275.0882
336.9548 275.8474
336.0124 275.6642
335.07 275.4811
334.1277 275.2979
332.2429 274.9315
330.175 275.5075
329.2326 275.3244
327.3479 274.958
326.4055 274.7748
324.3376 275.3508
323.3952 275.1676
321.3273 275.7437
320.385 275.5605
317.3747 275.9533
315.4899 275.5869
314.3644 276.3461
313.422 276.163
312.4796 275.9798
311.3541 276.739
310.2285 277.4982
309.2862 277.315
308.1606 278.0742
306.2759 277.7078
305.1503 278.467
304.208 278.2838
303.2656 278.1006
302.3232 277.9175
301.1977 278.6766
299.3129 278.3103
299.1298 279.2527
297.245 278.8863
296.3026 278.7031
295.3603 278.5199
294.4179 278.3368
293.2924 279.0959
292.35 278.9128
291.2244 279.672
289.3397 279.3056
288.3973 279.1224
286.5126 278.7561
286.3294 279.6984
284.4447 279.3321
282.3767 279.9081
281.4344 279.7249
280.492 279.5417
279.5496 279.3585
277.4817 279.9345
275.4138 280.5106
274.4714 280.3274
273.5291 280.1442
272.5867 279.961
272.4035 280.9034
271.4611 280.7202
270.5188 280.537
269.5764 280.3538
268.634 280.1707
267.6917 279.9875
266.5661 280.7467
264.6814 280.3803
263.739 280.1971
262.7966 280.014
261.8543 279.8308
260.9119 279.6476
259.9695 279.4644
257.9016 280.0404
256.0169 279.6741
255.0745 279.4909
254.1321 279.3077
253.1897 279.1245
252.2474 278.9413
251.305 278.7582
251.1218 279.7005
250.1795 279.5174
249.2371 279.3342
248.2947 279.151
246.41 278.7846
244.5252 278.4183
243.3997 279.1775
241.515 278.8111
240.5726 278.6279
239.6302 278.4447
238.5047 279.2039
236.6199 278.8376
235.6776 278.6544
234.7352 278.4712
232.6673 279.0472
231.7249 278.864
230.7825 278.6809
228.7146 279.2569
228.5314 280.1992
227.5891 280.0161
226.6467 279.8329
224.7619 279.4665
222.8772 279.1002
221.9348 278.917
220.9925 278.7338
220.0501 278.5506
219.1077 278.3674
218.1654 278.1843
217.223 278.0011
216.2806 277.8179
214.5791 276.5092
213.6367 276.326
213.8199 275.3836
212.8775 275.2004
211.9351 275.0173
210.9928 274.8341
210.0504 274.6509
209.108 274.4677
209.2912 273.5254
209.4744 272.583
209.6576 271.6406
208.8984 270.5151
209.0815 269.5727
209.2647 268.6303
209.4479 267.688
208.5055 267.5048
208.6887 266.5624
208.8719 265.62
209.0551 264.6777
208.1127 264.4945
208.2959 263.5521
208.4791 262.6097
209.4214 262.7929
209.6046 261.8506
208.6622 261.6674
208.8454 260.725
209.0286 259.7826
209.2118 258.8403
209.395 257.8979
210.3373 258.0811
210.5205 257.1387
210.7037 256.1963
210.8869 255.254
211.0701 254.3116
212.1956 253.5524
211.4364 252.4269
211.6196 251.4845
211.8028 250.5421
211.986 249.5997
211.0436 249.4166
210.1012 249.2334
211.0436 249.4166
212.1691 248.6574
213.1115 248.8406
213.2947 247.8982
214.4202 247.139
214.6034 246.1966
215.729 245.4374
216.6713 245.6206
216.8545 244.6782
217.7969 244.8614
217.9801 243.9191
218.9224 244.1022
219.1056 243.1599
218.1632 242.9767
218.3464 242.0343
217.5872 240.9088
217.7704 239.9664
216.828 239.7832
217.0112 238.8408
217.1944 237.8985
217.3776 236.9561
217.5608 236.0137
217.7439 235.0714
217.9271 234.129
218.1103 233.1866
218.2935 232.2443
217.5343 231.1187
217.7175 230.1763
217.9007 229.234
218.0838 228.2916
217.3246 227.166
217.5078 226.2237
217.691 225.2813
217.8742 224.3389
218.0574 223.3966
218.2405 222.4542
218.6069 220.5695
218.7901 219.6271
217.8477 219.4439
218.0309 218.5015
218.2141 217.5592
217.2717 217.376
217.4549 216.4336
217.6381 215.4913
217.8212 214.5489
217.0621 213.4233
217.2452 212.481
217.4284 211.5386
216.486 211.3554
216.6692 210.413
215.7269 210.2299
215.91 209.2875
215.1508 208.1619
215.334 207.2196
214.5748 206.094
214.758 205.1517
213.8156 204.9685
213.9988 204.0261
213.0565 203.8429
213.2396 202.9006
212.2973 202.7174
211.5381 201.5918
210.5957 201.4086
210.7789 200.4663
209.8365 200.2831
210.0197 199.3407
209.0773 199.1575
209.2605 198.2152
206.6166 196.7233
205.8574 195.5977
204.339 193.3466
203.3966 193.1634
202.4543 192.9803
201.6951 191.8547
200.7527 191.6715
199.9935 190.546
199.0511 190.3628
198.1088 190.1796
197.1664 189.9964
196.224 189.8133
195.0985 190.5724
194.1561 190.3893
193.0306 191.1485
192.0882 190.9653
191.1458 190.7821
190.2035 190.5989
189.2611 190.4157
188.3187 190.2326
187.3763 190.0494
186.434 189.8662
185.4916 189.683
184.3661 190.4422
183.4237 190.259
182.4813 190.0758
181.539 189.8927
180.4134 190.6519
179.471 190.4687
178.5287 190.2855
177.5863 190.1023
176.4607 190.8615
175.3352 191.6207
174.3928 191.4375
173.4505 191.2543
173.2673 192.1967
172.3249 192.0135
171.3825 191.8303
170.257 192.5895
169.3146 192.4064
168.3722 192.2232
167.4299 192.04
166.4875 191.8568
166.3043 192.7992
164.4196 192.4328
163.294 193.192
162.3517 193.0088
160.4669 192.6425
159.3414 193.4017
158.399 193.2185
156.5143 192.8521
156.3311 193.7945
153.504 193.245
152.5616 193.0618
151.4361 193.821
149.5513 193.4546
148.6089 193.2714
147.6666 193.0882
145.5987 193.6643
144.6563 193.4811
142.5884 194.0571
141.646 193.8739
140.5204 194.6331
139.5781 194.4499
138.6357 194.2667
137.5102 195.0259
136.5678 194.8427
135.6254 194.6596
133.7407 194.2932
132.6151 195.0524
131.6728 194.8692
130.7304 194.686
130.5472 195.6284
129.6048 195.4452
128.4793 196.2044
127.5369 196.0212
125.6522 195.6549
124.5266 196.4141
122.4587 196.9901
121.5163 196.8069
121.3332 197.7493
120.3908 197.5661
118.506 197.1997
117.5637 197.0165
117.3805 197.9589
115.4958 197.5926
114.5534 197.4094
113.611 197.2262
112.6686 197.043
111.7263 196.8598
110.6007 197.619
109.4752 198.3782
107.5904 198.0119
106.6481 197.8287
105.7057 197.6455
104.7633 197.4623
103.6378 198.2215
102.6954 198.0383
101.753 197.8551
100.8107 197.672
99.8683 197.4888
98.9259 197.3056
97.0412 196.9392
95.9156 197.6984
94.9733 197.5153
94.0309 197.3321
93.0885 197.1489
92.1462 196.9657
91.2038 196.7825
90.2614 196.5994
89.1359 197.3585
88.1935 197.1754
87.2511 196.9922
85.3664 196.6258
84.424 196.4426
83.4817 196.2595
81.5969 195.8931
81.4137 196.8355
80.4714 196.6523
78.4034 197.2283
76.5187 196.8619