430.4305 257.8323
429.4881 257.6491
428.5457 257.4659
427.6034 257.2828
426.661 257.0996
426.4778 258.0419
425.5354 257.8588
424.5931 257.6756
424.4099 258.618
422.5252 258.2516
421.5828 258.0684
420.6404 257.8852
419.698 257.7021
418.7557 257.5189
415.7454 257.9117
413.8606 257.5453
412.9183 257.3622
411.7927 258.1214
410.8504 257.9382
408.7824 258.5142
406.8977 258.1478
405.013 257.7815
404.0706 257.5983
402.1858 257.2319
400.3011 256.8656
399.3587 256.6824
397.474 256.316
396.5316 256.1328
394.4637 256.7089
391.6366 256.1593
389.7519 255.793
386.7416 256.1858
384.8568 255.8194
383.9145 255.6362
382.9721 255.4531
380.9042 256.0291
379.9618 255.8459
379.0194 255.6627
378.0771 255.4795
377.1347 255.2964
375.25 254.93
374.3076 254.7468
372.4228 254.3805
371.4805 254.1973
370.5381 254.0141
369.5957 253.8309
368.6534 253.6477
367.711 253.4646
366.5854 254.2237
365.6431 254.0406
365.4599 254.9829
364.5175 254.7998
362.4496 255.3758
361.5072 255.1926
359.6225 254.8262
357.7378 254.4599
355.6698 255.0359
354.7275 254.8527
353.6019 255.6119
352.6595 255.4287
351.7172 255.2455
349.6493 255.8215
348.7069 255.6384
347.7645 255.4552
345.8798 255.0888
344.9374 254.9056
342.8695 255.4816
340.9847 255.1153
339.8592 255.8745
338.9168 255.6913
337.9745 255.5081
335.9065 256.0841
334.9642 255.9009
334.0218 255.7178
333.0794 255.5346
332.1371 255.3514
331.9539 256.2938
331.0115 256.1106
330.0691 255.9274
328.0012 256.5034
327.0588 256.3202
326.1165 256.1371
325.1741 255.9539
324.2317 255.7707
323.2894 255.5875
322.347 255.4043
320.2791 255.9804
319.3367 255.7972
319.1535 256.7395
317.2688 256.3732
316.3264 256.19
315.3841 256.0068
314.2585 256.766
313.3161 256.5828
312.3738 256.3997
311.4314 256.2165
310.489 256.0333
310.3058 256.9757
309.3635 256.7925
308.4211 256.6093
307.4787 256.4261
306.5364 256.2429
304.4684 256.819
304.2853 257.7613
303.3429 257.5781
302.4005 257.395
301.4582 257.2118
299.3902 257.7878
297.3223 258.3638
295.2544 258.9398
294.312 258.7566
291.3017 259.1495
289.417 258.7831
288.4746 258.5999
286.5899 258.2336
284.522 258.8096
283.3964 259.5688
281.5117 259.2024
279.4438 259.7784
278.5014 259.5952
276.6166 259.2289
275.4911 259.9881
273.6064 259.6217
272.664 259.4385
270.5961 260.0145
269.6537 259.8314
268.7113 259.6482
267.769 259.465
266.8266 259.2818
265.8842 259.0986
265.701 260.041
264.7587 259.8578
263.8163 259.6746
262.8739 259.4915
261.7484 260.2507
260.806 260.0675
259.1044 258.7587
258.1621 258.5756
257.2197 258.3924
256.2773 258.2092
255.335 258.026
254.5758 256.9005
252.691 256.5341
251.9318 255.4086
250.9895 255.2254
250.2303 254.0998
249.2879 253.9167
248.3456 253.7335
247.4032 253.5503
247.5864 252.6079
246.644 252.4247
246.8272 251.4824
245.8848 251.2992
244.9424 251.116
245.1256 250.1736
244.1832 249.9905
244.3664 249.0481
243.4241 248.8649
243.6072 247.9225
242.848 246.797
242.0889 245.6714
241.3297 244.5459
240.5705 243.4203
239.8113 242.2948
239.0521 241.1692
238.1097 240.9861
237.3505 239.8605
237.5337 238.9181
236.5913 238.735
236.7745 237.7926
235.8322 237.6094
234.8898 237.4262
235.073 236.4839
234.3138 235.3583
233.5546 234.2328
233.7378 233.2904
234.6801 233.4736
234.8633 232.5312
235.8057 232.7144
236.9312 231.9552
238.0568 231.196
239.1823 230.4368
240.3079 229.6776
240.4911 228.7353
241.4334 228.9184
241.6166 227.9761
241.983 226.0913
242.9253 226.2745
244.0509 225.5153
244.9933 225.6985
245.1764 224.7561
245.3596 223.8138
246.302 223.9969
247.4275 223.2378
246.6684 222.1122
246.8515 221.1698
247.0347 220.2275
247.2179 219.2851
247.4011 218.3427
246.8251 216.2748
245.8827 216.0916
246.0659 215.1493
246.2491 214.2069
245.8562 211.1966
245.2802 209.1287
244.521 208.0031
244.7042 207.0608
245.0706 205.176
244.3114 204.0505
244.4946 203.1081
243.7354 201.9825
243.9185 201.0402
243.1594 199.9146
243.3425 198.9723
242.5833 197.8467
242.7665 196.9043
241.8242 196.7212
242.0073 195.7788
241.065 195.5956
241.2481 194.6532
239.5466 193.3445
239.7298 192.4021
238.7874 192.219
238.9706 191.2766
238.0282 191.0934
237.0858 190.9102
237.269 189.9679
236.5098 188.8423
235.7506 187.7168
234.8083 187.5336
234.9914 186.5912
235.1746 185.6488
234.2323 185.4657
234.4154 184.5233
233.4731 184.3401
232.7139 183.2146
232.8971 182.2722
231.9547 182.089
232.1379 181.1466
231.1955 180.9635
231.3787 180.0211
230.6195 178.8955
229.8603 177.77
230.0435 176.8276
229.1011 176.6444
229.2843 175.7021
228.3419 175.5189
227.5827 174.3933
226.8235 173.2678
225.8812 173.0846
224.9388 172.9014
225.122 171.9591
224.1796 171.7759
223.4204 170.6503
222.478 170.4671
221.7189 169.3416
220.7765 169.1584
219.8341 168.9752
218.8917 168.7921
217.9494 168.6089
217.007 168.4257
216.2478 167.3001
215.3054 167.117
214.3631 166.9338
213.4207 166.7506
211.536 166.3842
209.6512 166.0179
208.892 164.8923
207.9497 164.7092
207.0073 164.526
206.0649 164.3428
205.1226 164.1596
203.997 164.9188
203.0546 164.7356
202.1123 164.5524
201.1699 164.3693
200.0443 165.1285
199.102 164.9453
198.1596 164.7621
196.2749 164.3957
195.3325 164.2126
195.1493 165.1549
193.2646 164.7886
191.1967 165.3646
190.2543 165.1814
190.0711 166.1238
189.1287 165.9406
188.1864 165.7574
187.244 165.5742
186.1184 166.3334
185.1761 166.1502
184.9929 167.0926
184.0505 166.9094
183.1082 166.7262
181.9826 167.4854
180.8571 168.2446
179.9147 168.0614
178.9723 167.8783
177.8468 168.6375
176.9044 168.4543
175.7789 169.2135
174.8365 169.0303
173.8941 168.8471
172.9517 168.6639
170.8838 169.2399
169.7583 169.9991
167.8735 169.6328
165.9888 169.2664
163.9209 169.8424
162.9785 169.6592
162.0361 169.4761
161.0938 169.2929
160.1514 169.1097
159.0258 169.8689
156.1987 169.3193
154.314 168.953
152.4293 168.5866
152.2461 169.529
150.3613 169.1626
148.4766 168.7963
147.5342 168.6131
147.351 169.5555
146.4087 169.3723
145.4663 169.1891
144.5239 169.0059
143.5816 168.8227
142.456 169.5819
141.5136 169.3988
140.5713 169.2156
139.6289 169.0324
139.4457 169.9748
138.5034 169.7916
137.561 169.6084
136.4354 170.3676
134.5507 170.0012
133.6083 169.8181
132.4828 170.5772
131.5404 170.3941
130.598 170.2109
129.4725 170.9701
128.5301 170.7869
126.4622 171.3629
125.5198 171.1797
125.3366 172.1221
124.3943 171.9389
122.5095 171.5726
120.6248 171.2062
119.6824 171.023
117.6145 171.599
116.6721 171.4158
114.7874 171.0495
112.9027 170.6831
111.9603 170.4999
111.0179 170.3168
109.8924 171.076
108.0076 170.7096
107.0653 170.5264
105.1805 170.1601
103.2958 169.7937
102.3534 169.6105
101.411 169.4273
100.4687 169.2442
99.5263 169.061
98.5839 168.8778
97.6416 168.6946
96.6992 168.5114
94.8145 168.1451
93.8721 167.9619
92.9297 167.7787
91.8042 168.5379
89.9194 168.1715
88.9771 167.9884
88.7939 168.9307
87.8515 168.7476
86.9091 168.5644
85.9668 168.3812
85.0244 168.198
83.1397 167.8317
82.9565 168.774
82.0141 168.5908
81.0717 168.4077
79.187 168.0413
78.2446 167.8581
77.3023 167.6749
76.1767 168.4341
75.2343 168.251
74.292 168.0678
73.3496 167.8846
71.2817 168.4606
70.3393 168.2774
68.4546 167.9111
67.5122 167.7279
66.5698 167.5447
65.6275 167.3615
63.5595 167.9375
62.6172 167.7544
61.6748 167.5712
59.7901 167.2048
58.8477 167.0216