434.0676 234.0899
429.3558 233.174
429.1726 234.1163
428.2302 233.9332
427.2878 233.75
426.3455 233.5668
425.4031 233.3836
424.4607 233.2004
423.5184 233.0173
422.576 232.8341
421.4504 233.5933
420.5081 233.4101
419.5657 233.2269
417.681 232.8606
416.7386 232.6774
415.7962 232.4942
413.7283 233.0702
403.3622 231.0552
393.5722 231.1082
391.6874 230.7418
390.7451 230.5586
388.6771 231.1346
385.85 230.5851
383.9653 230.2187
381.1382 229.6692
379.2534 229.3028
378.3111 229.1197
376.2432 229.6957
373.416 229.1461
371.5313 228.7798
368.7042 228.2302
367.7618 228.047
365.6939 228.6231
364.7515 228.4399
363.626 229.1991
362.6836 229.0159
361.5581 229.7751
360.6157 229.5919
359.6733 229.4087
358.731 229.2255
357.6054 229.9847
356.4799 230.7439
355.5375 230.5607
353.4696 231.1367
353.2864 232.0791
352.344 231.8959
350.4593 231.5296
350.2761 232.4719
349.3337 232.2888
349.1505 233.2311
348.2082 233.048
346.1403 233.624
345.1979 233.4408
344.0723 234.2
342.9468 234.9592
342.0044 234.776
340.1197 234.4096
339.1773 234.2264
338.2349 234.0433
337.1094 234.8025
336.167 234.6193
335.9838 235.5616
334.0991 235.1953
332.2144 234.8289
331.272 234.6457
329.3872 234.2794
327.5025 233.913
327.3193 234.8554
326.377 234.6722
325.4346 234.489
324.309 235.2482
323.3667 235.065
322.4243 234.8819
321.4819 234.6987
318.4716 235.0915
317.5293 234.9083
315.4614 235.4843
314.3358 236.2435
311.5087 235.694
310.5663 235.5108
308.4984 236.0868
305.6713 235.5373
304.5457 236.2965
302.661 235.9301
301.7186 235.7469
299.6507 236.3229
298.7083 236.1398
296.6404 236.7158
294.7557 236.3494
293.8133 236.1662
292.8709 235.983
291.9286 235.7999
290.0438 235.4335
290.227 234.4911
289.2846 234.308
288.3423 234.1248
287.3999 233.9416
287.5831 232.9992
286.8239 231.8737
286.0647 230.7481
284.18 230.3818
284.3631 229.4394
283.4208 229.2562
283.604 228.3139
282.6616 228.1307
281.7192 227.9475
281.9024 227.0051
282.8448 227.1883
283.0279 226.2459
283.2111 225.3036
283.3943 224.3612
282.6351 223.2356
282.8183 222.2933
282.0591 221.1677
281.2999 220.0422
281.4831 219.0998
281.6663 218.1574
281.8495 217.2151
280.9071 217.0319
281.0903 216.0895
281.2734 215.1471
281.4566 214.2048
281.6398 213.2624
281.823 212.32
282.0062 211.3777
282.1893 210.4353
282.3725 209.4929
282.5557 208.5506
282.7389 207.6082
282.9221 206.6658
283.1052 205.7234
283.2884 204.7811
283.4716 203.8387
283.6548 202.8963
283.838 201.954
284.0211 201.0116
284.2043 200.0692
283.4451 198.9437
283.6283 198.0013
283.8115 197.0589
282.8691 196.8758
283.0523 195.9334
282.2931 194.8078
282.4763 193.8655
281.5339 193.6823
281.7171 192.7399
280.7747 192.5567
280.9579 191.6144
281.1411 190.672
280.1987 190.4888
280.3819 189.5464
279.4395 189.3633
279.6227 188.4209
278.8635 187.2953
277.9212 187.1122
278.1043 186.1698
278.2875 185.2274
277.5283 184.1019
277.7115 183.1595
276.7691 182.9763
276.9523 182.034
276.1931 180.9084
276.3763 179.966
275.6171 178.8405
275.8003 177.8981
275.9835 176.9557
275.0411 176.7726
275.2243 175.8302
274.4651 174.7046
274.6483 173.7623
273.7059 173.5791
273.8891 172.6367
273.1299 171.5112
272.1875 171.328
272.3707 170.3856
272.5539 169.4433
271.6115 169.2601
271.7947 168.3177
271.0355 167.1922
270.0931 167.009
270.2763 166.0666
270.4595 165.1242
270.6427 164.1819
269.7003 163.9987
269.8835 163.0563
268.9411 162.8731
269.1243 161.9308
268.1819 161.7476
268.3651 160.8052
267.4227 160.622
267.6059 159.6797
266.6635 159.4965
266.8467 158.5541
266.0875 157.4286
265.1452 157.2454
264.2028 157.0622
264.386 156.1198
263.4436 155.9367
263.6268 154.9943
262.6844 154.8111
261.9252 153.6856
260.9829 153.5024
260.2237 152.3768
259.2813 152.1937
258.3389 152.0105
257.3966 151.8273
256.6374 150.7017
254.7526 150.3354
253.8103 150.1522
253.9934 149.2098
253.0511 149.0267
252.1087 148.8435
251.1663 148.6603
251.3495 147.7179
249.4648 147.3516
248.7056 146.226
247.7632 146.0428
246.8208 145.8597
244.9361 145.4933
243.2345 144.1846
242.4754 143.059
241.533 142.8758
240.5906 142.6927
239.6482 142.5095
238.8891 141.3839
237.9467 141.2007
236.0619 140.8344
235.1196 140.6512
234.3604 139.5257
233.418 139.3425
232.4756 139.1593
231.5333 138.9761
230.5909 138.7929
229.6485 138.6098
228.8893 137.4842
227.947 137.301
227.0046 137.1178
226.0622 136.9347
225.1199 136.7515
224.1775 136.5683
223.2351 136.3851
221.5336 135.0764
220.5912 134.8932
219.6488 134.71
218.7065 134.5269
216.8217 134.1605
214.937 133.7941
213.9946 133.611
213.0522 133.4278
212.1099 133.2446
211.1675 133.0614
210.9843 134.0038
210.0419 133.8206
209.0996 133.6374
208.1572 133.4542
207.2148 133.2711
205.3301 132.9047
204.3877 132.7215
203.4454 132.5383
201.5606 132.172
200.6182 131.9888
200.4351 132.9312
199.4927 132.748
198.5503 132.5648
196.4824 133.1408
195.54 132.9576
194.5977 132.7745
192.7129 132.4081
188.7603 132.6178
183.8652 132.6442
182.9229 132.461
181.9805 132.2779
181.0381 132.0947
180.0958 131.9115
179.9126 132.8539
178.9702 132.6707
178.0278 132.4875
177.0855 132.3043
176.9023 133.2467
175.9599 133.0635
175.0176 132.8803
174.8344 133.8227
173.892 133.6395
172.9496 133.4564
172.0073 133.2732
170.8817 134.0324
169.9393 133.8492
168.997 133.666
168.0546 133.4828
167.1122 133.2996
166.9291 134.242
165.0443 133.8757
163.9188 134.6348
162.9764 134.4517
162.034 134.2685
161.0917 134.0853
160.9085 135.0277
159.9661 134.8445
159.0237 134.6613
158.8406 135.6037
157.8982 135.4205
156.9558 135.2373
156.0134 135.0541
154.8879 135.8133
153.9455 135.6302
153.0032 135.447
151.8776 136.2062
150.9352 136.023
150.7521 136.9654
148.8673 136.599
147.9249 136.4158
147.7418 137.3582
146.7994 137.175
145.857 136.9918
145.6738 137.9342
144.7315 137.751
142.6636 138.327
141.7212 138.1438
140.7788 137.9607
139.6533 138.7199
138.5277 139.479
137.5853 139.2959
135.5174 139.8719
133.6327 139.5055
133.4495 140.4479
132.5071 140.2647
131.5648 140.0815
131.3816 141.0239
129.4968 140.6575
128.3713 141.4167
127.4289 141.2335
126.3034 141.9927
125.361 141.8095
124.4186 141.6264
124.2355 142.5687
123.2931 142.3856
122.3507 142.2024
121.4083 142.0192
120.2828 142.7784
118.3981 142.412
117.4557 142.2288
116.5133 142.0457
114.4454 142.6217
113.503 142.4385
111.6183 142.0721
110.6759 141.889
109.7336 141.7058
108.608 142.465
107.6656 142.2818
106.7233 142.0986
105.7809 141.9154
104.6553 142.6746
103.713 142.4914
102.7706 142.3083
102.5874 143.2506
101.6451 143.0674
100.7027 142.8843
98.8179 142.5179
98.6348 143.4603
97.6924 143.2771
96.75 143.0939
95.8077 142.9107
94.8653 142.7276
94.6821 143.6699
93.7397 143.4867
92.6142 144.2459
91.6718 144.0628
90.7294 143.8796
89.7871 143.6964
88.6615 144.4556
87.7192 144.2724
86.7768 144.0892
85.6512 144.8484
84.7089 144.6652
83.7665 144.4821
82.8241 144.2989
81.8818 144.1157
80.9394 143.9325
80.7562 144.8749
79.8138 144.6917
78.8715 144.5085
77.9291 144.3253
76.9867 144.1422
76.0444 143.959
74.9188 144.7182
73.9764 144.535
73.0341 144.3518
72.0917 144.1686
71.1493 143.9855
70.207 143.8023
70.0238 144.7446
69.0814 144.5615
68.139 144.3783
66.2543 144.0119
65.3119 143.8287
64.3696 143.6456
64.1864 144.5879
63.244 144.4048
62.3016 144.2216
61.3593 144.0384
59.4745 143.672
58.5322 143.4889