439.3798 206.7611
431.0817 204.1702
430.1393 203.987
429.1969 203.8038
428.2546 203.6206
427.3122 203.4374
426.3698 203.2543
424.6683 201.9455
423.7259 201.7623
422.7835 201.5792
421.8412 201.396
420.8988 201.2128
419.9564 201.0296
419.014 200.8464
417.1293 200.4801
415.2446 200.1137
413.3598 199.7474
411.4751 199.381
409.5903 199.0146
405.8209 198.2819
404.1193 196.9732
401.2922 196.4237
397.5227 195.6909
396.5804 195.5078
395.638 195.3246
393.7532 194.9582
392.8109 194.775
389.9838 194.2255
387.1567 193.676
383.3872 192.9432
382.4448 192.7601
380.3769 193.3361
379.4345 193.1529
377.5498 192.7865
376.6074 192.6033
374.7227 192.237
373.7803 192.0538
371.8956 191.6874
370.9532 191.5043
370.0108 191.3211
369.0684 191.1379
368.1261 190.9547
367.1837 190.7715
366.2413 190.5884
365.299 190.4052
365.1158 191.3476
364.1734 191.1644
363.9902 192.1067
362.1055 191.7404
360.2208 191.374
359.2784 191.1908
359.0952 192.1332
358.1528 191.95
357.2105 191.7669
357.0273 192.7092
356.0849 192.526
354.9594 193.2852
354.017 193.1021
353.0746 192.9189
352.8914 193.8612
351.9491 193.6781
351.0067 193.4949
350.8235 194.4373
349.8812 194.2541
348.9388 194.0709
347.9964 193.8877
347.8132 194.8301
346.8709 194.6469
345.9285 194.4637
345.7453 195.4061
344.8029 195.2229
343.8606 195.0397
342.9182 194.8566
341.9758 194.6734
341.0335 194.4902
341.2166 193.5478
341.3998 192.6055
341.583 191.6631
340.6406 191.4799
340.8238 190.5375
339.8814 190.3544
340.0646 189.412
339.3054 188.2864
339.4886 187.3441
339.6718 186.4017
338.7294 186.2185
338.9126 185.2761
337.9702 185.093
338.1534 184.1506
337.3942 183.025
337.5774 182.0827
336.635 181.8995
336.059 179.8316
336.2422 178.8892
335.483 177.7637
334.7238 176.6381
334.907 175.6957
333.9646 175.5126
333.3886 173.4446
333.5718 172.5023
332.6294 172.3191
332.0534 170.2512
332.2366 169.3088
331.2942 169.1256
331.4774 168.1832
330.5351 168.0001
330.7182 167.0577
329.7759 166.8745
329.959 165.9321
329.0167 165.749
329.1999 164.8066
328.4407 163.6811
327.4983 163.4979
327.6815 162.5555
326.9223 161.43
326.1631 160.3044
326.3463 159.362
325.4039 159.1789
324.6447 158.0533
324.8279 157.1109
324.0687 155.9854
323.1263 155.8022
323.3095 154.8598
322.3671 154.6767
322.5503 153.7343
322.7335 152.7919
321.7911 152.6087
321.9743 151.6664
322.1575 150.724
321.2151 150.5408
321.3983 149.5984
320.6391 148.4729
320.8223 147.5305
321.0055 146.5882
320.2463 145.4626
320.4295 144.5202
320.6126 143.5779
319.6703 143.3947
319.8535 142.4523
320.0366 141.5099
319.2774 140.3844
319.4606 139.442
318.7014 138.3165
318.8846 137.3741
317.9422 137.1909
318.1254 136.2486
317.1831 136.0654
317.3662 135.123
316.607 133.9975
316.7902 133.0551
315.8479 132.8719
316.031 131.9295
315.0887 131.7464
315.2718 130.804
314.3295 130.6208
314.5127 129.6784
313.7535 128.5529
312.8111 128.3697
312.9943 127.4273
313.1775 126.485
312.2351 126.3018
311.4759 125.1762
310.7167 124.0507
309.9575 122.9251
309.0151 122.742
309.1983 121.7996
308.4391 120.674
307.4968 120.4909
306.7376 119.3653
305.9784 118.2398
305.2192 117.1142
304.46 115.9887
303.5176 115.8055
303.7008 114.8631
302.7584 114.6799
302.9416 113.7376
301.9993 113.5544
302.1824 112.612
301.2401 112.4288
300.2977 112.2456
300.4809 111.3033
299.5385 111.1201
298.5961 110.9369
297.6538 110.7537
297.8369 109.8114
296.8946 109.6282
295.9522 109.445
295.193 108.3195
294.2506 108.1363
292.3659 107.7699
290.4812 107.4036
289.5388 107.2204
288.5964 107.0372
287.6541 106.854
286.7117 106.6708
285.7693 106.4877
284.8269 106.3045
283.8846 106.1213
282.9422 105.9381
281.9998 105.7549
280.1151 105.3886
278.2304 105.0222
277.288 104.839
276.3456 104.6559
274.4609 104.2895
273.7017 103.1639
272.7593 102.9808
271.8169 102.7976
270.6914 103.5568
269.749 103.3736
268.8067 103.1904
267.8643 103.0072
266.9219 102.8241
265.9796 102.6409
266.1627 101.6985
264.278 101.3321
263.3356 101.149
262.3933 100.9658
261.4509 100.7826
259.5661 100.4162
258.6238 100.2331
257.6814 100.0499
256.739 99.8667
254.8543 99.5003
253.9119 99.3172
252.0272 98.9508
251.844 99.8932
250.9016 99.71
249.9593 99.5268
249.0169 99.3436
248.8337 100.286
246.949 99.9196
246.0066 99.7365
244.1219 99.3701
243.9387 100.3125
242.0539 99.9461
241.1116 99.7629
240.1692 99.5798
239.2268 99.3966
238.2845 99.2134
236.3997 98.847
235.4574 98.6639
234.515 98.4807
234.3318 99.423
233.3894 99.2399
232.4471 99.0567
230.5623 98.6903
229.62 98.5071
224.9081 97.5912
223.0234 97.2249
219.8299 98.5601
218.8875 98.3769
217.9452 98.1937
217.762 99.1361
216.8196 98.9529
215.8772 98.7697
214.9349 98.5866
213.9925 98.4034
213.0501 98.2202
211.1654 97.8538
210.9822 98.7962
209.0975 98.4298
208.1551 98.2467
207.2127 98.0635
206.2704 97.8803
205.1448 98.6395
204.2024 98.4563
202.3177 98.09
201.3753 97.9068
200.433 97.7236
199.4906 97.5404
198.5482 97.3572
197.6058 97.1741
196.4803 97.9332
194.5956 97.5669
193.6532 97.3837
192.7108 97.2005
192.5276 98.1429
191.5853 97.9597
190.6429 97.7765
189.7005 97.5934
188.7582 97.4102
187.8158 97.227
186.8734 97.0438
185.9311 96.8606
184.9887 96.6775
183.1039 96.3111
181.036 96.8871
180.0937 96.7039
179.1513 96.5207
178.2089 96.3376
177.2665 96.1544
176.3242 95.9712
175.1986 96.7304
174.2563 96.5472
172.3715 96.1809
170.4868 95.8145
169.5444 95.6313
168.602 95.4481
167.6597 95.265
166.7173 95.0818
165.7749 94.8986
165.5917 95.841
164.6494 95.6578
163.707 95.4746
163.5238 96.417
162.5815 96.2338
161.6391 96.0506
160.6967 95.8674
159.7543 95.6843
158.812 95.5011
157.8696 95.3179
156.9272 95.1347
155.9849 94.9515
155.0425 94.7684
154.1001 94.5852
153.9169 95.5275
152.9746 95.3444
152.0322 95.1612
151.0898 94.978
149.9643 95.7372
149.0219 95.554
148.0795 95.3708
147.8964 96.3132
146.954 96.13
144.8861 96.706
143.9437 96.5229
143.0013 96.3397
142.8182 97.282
141.8758 97.0989
140.9334 96.9157
139.8079 97.6749
138.8655 97.4917
138.6823 98.4341
137.7399 98.2509
136.7976 98.0677
135.8552 97.8845
134.9128 97.7013
133.9705 97.5182
133.0281 97.335
132.0857 97.1518
131.1434 96.9686
130.201 96.7854
129.2586 96.6023
128.3162 96.4191
127.3739 96.2359
126.4315 96.0527
124.5468 95.6864
122.662 95.32
120.7773 94.9536
119.6517 95.7128
118.7094 95.5297
117.767 95.3465
116.8246 95.1633
115.8823 94.9801
114.9399 94.7969
113.9975 94.6138
113.0552 94.4306
112.1128 94.2474
111.1704 94.0642
110.228 93.881
110.0449 94.8234
108.1601 94.457
107.2178 94.2739
106.2754 94.0907
105.333 93.9075
103.2651 94.4835
102.3227 94.3003
101.3804 94.1172
99.4956 93.7508
98.5532 93.5676
97.4277 94.3268
96.4853 94.1436
95.543 93.9604
93.6582 93.5941
91.7735 93.2277
90.8311 93.0445
89.8887 92.8614
89.7056 93.8037
87.8208 93.4374
86.8784 93.2542
85.9361 93.071
84.0513 92.7047
83.109 92.5215
81.2242 92.1551
81.041 93.0975
80.0987 92.9143
79.1563 92.7311
78.2139 92.5479
77.2716 92.3648
75.3868 91.9984
74.4445 91.8152
73.5021 91.632
71.4342 92.2081
70.4918 92.0249
69.5494 91.8417
68.6071 91.6585
67.6647 91.4753
65.7799 91.109
64.8376 90.9258
63.8952 90.7426
62.9528 90.5594