447.4662 170.1919
443.6967 169.4592
442.7544 169.276
441.812 169.0928
440.8696 168.9096
440.1104 167.7841
439.1681 167.6009
438.2257 167.4177
438.4089 166.4754
437.4665 166.2922
436.5241 166.109
435.5818 165.9258
434.6394 165.7426
434.8226 164.8003
433.8802 164.6171
432.9378 164.4339
433.121 163.4915
431.2363 163.1252
430.4771 161.9996
429.5347 161.8165
428.5923 161.6333
428.7755 160.6909
426.8908 160.3245
426.1316 159.199
425.3724 158.0734
424.43 157.8903
423.4877 157.7071
422.7285 156.5815
421.9693 155.456
421.0269 155.2728
420.2677 154.1473
419.5085 153.0217
418.5662 152.8385
417.6238 152.6553
417.807 151.713
416.8646 151.5298
415.9222 151.3466
416.1054 150.4042
415.163 150.2211
414.2207 150.0379
412.3359 149.6715
411.3936 149.4883
409.692 148.1796
407.8073 147.8133
407.9905 146.8709
407.0481 146.6877
406.1057 146.5045
404.221 146.1382
403.2786 145.955
402.3362 145.7718
400.4515 145.4054
399.5091 145.2223
397.8076 143.9135
396.8652 143.7304
395.9228 143.5472
394.9805 143.364
394.2213 142.2384
393.2789 142.0553
392.3365 141.8721
391.3942 141.6889
389.5094 141.3225
388.567 141.1394
387.6247 140.9562
386.6823 140.773
385.7399 140.5898
384.7976 140.4066
384.9807 139.4643
384.0384 139.2811
383.096 139.0979
382.1536 138.9147
381.2113 138.7316
381.3944 137.7892
380.4521 137.606
379.5097 137.4228
377.8081 136.1141
377.049 134.9885
376.1066 134.8054
376.2898 133.863
375.3474 133.6798
375.5306 132.7374
374.5882 132.5543
373.829 131.4287
372.8866 131.2455
373.0698 130.3032
373.253 129.3608
372.3106 129.1776
372.4938 128.2352
371.5514 128.0521
371.7346 127.1097
370.9754 125.9841
370.2162 124.8586
369.2739 124.6754
369.4571 123.733
368.6979 122.6075
367.7555 122.4243
367.9387 121.4819
368.1219 120.5396
367.3627 119.414
366.4203 119.2308
366.6035 118.2885
365.6611 118.1053
365.8443 117.1629
364.9019 116.9797
365.0851 116.0374
364.3259 114.9118
363.3835 114.7286
363.5667 113.7863
362.8075 112.6607
362.0483 111.5352
362.2315 110.5928
361.2891 110.4096
360.53 109.2841
359.7708 108.1585
359.9539 107.2162
359.0116 107.033
359.1948 106.0906
358.2524 105.9074
358.4356 104.9651
358.6187 104.0227
357.6764 103.8395
357.8596 102.8971
358.0427 101.9548
357.1004 101.7716
357.2835 100.8292
356.3412 100.646
356.5244 99.7037
355.7652 98.5781
355.9483 97.6357
355.006 97.4526
355.1892 96.5102
355.3723 95.5678
354.6131 94.4423
354.7963 93.4999
353.854 93.3167
354.0371 92.3744
354.2203 91.432
354.4035 90.4896
354.5867 89.5473
353.6443 89.3641
352.8851 88.2385
353.0683 87.2962
352.3091 86.1706
352.4923 85.2282
351.5499 85.0451
351.7331 84.1027
350.7907 83.9195
350.9739 82.9771
350.0315 82.794
350.2147 81.8516
349.2723 81.6684
349.4555 80.726
349.6387 79.7837
348.6963 79.6005
348.8795 78.6581
347.9371 78.4749
348.1203 77.5326
347.3611 76.407
347.5443 75.4646
347.7275 74.5223
346.7851 74.3391
346.9683 73.3967
347.1515 72.4544
346.2091 72.2712
346.3923 71.3288
346.5755 70.3864
345.6331 70.2033
346.0911 67.8473
341.2612 62.5076
340.3188 62.3244
338.6172 61.0157
337.6749 60.8325
335.7901 60.4661
333.9054 60.0998
332.963 59.9166
332.0206 59.7334
332.2038 58.791
330.3191 58.4247
329.3767 58.2415
328.4343 58.0583
327.492 57.8751
326.5496 57.692
325.6072 57.5088
324.6649 57.3256
323.7225 57.1424
322.7801 56.9592
322.0209 55.8337
321.0786 55.6505
320.1362 55.4673
318.2514 55.101
316.3667 54.7346
315.4243 54.5514
314.482 54.3683
313.5396 54.1851
312.5972 54.0019
311.838 52.8763
310.8957 52.6932
309.9533 52.51
309.0109 52.3268
308.0686 52.1436
307.1262 51.9604
306.1838 51.7773
304.2991 51.4109
302.4143 51.0445
301.472 50.8614
300.5296 50.6782
299.7704 49.5526
297.8857 49.1863
296.9433 49.0031
296.0009 48.8199
295.0586 48.6367
294.1162 48.4536
292.2314 48.0872
291.4723 46.9616
289.5875 46.5953
288.6451 46.4121
286.7604 46.0457
284.8757 45.6794
283.9333 45.4962
282.9909 45.313
282.0486 45.1298
281.1062 44.9467
279.9806 45.7059
279.0383 45.5227
277.9127 46.2819
276.9703 46.0987
276.028 45.9155
275.0856 45.7323
273.0177 46.3083
272.0753 46.1252
271.133 45.942
270.1906 45.7588
269.2482 45.5756
268.3058 45.3924
267.3635 45.2093
266.4211 45.0261
265.4787 44.8429
264.5364 44.6597
263.594 44.4765
261.7093 44.1102
259.8245 43.7438
258.8821 43.5606
257.9398 43.3775
256.055 43.0111
253.0447 43.4039
252.1024 43.2207
250.2176 42.8544
249.2753 42.6712
247.3905 42.3048
246.4482 42.1217
244.5634 41.7553
243.621 41.5721
242.6787 41.3889
241.7363 41.2058
240.7939 41.0226
239.8516 40.8394
239.6684 41.7818
238.726 41.5986
236.8413 41.2322
235.8989 41.0491
234.9565 40.8659
234.7734 41.8082
233.831 41.6251
232.7054 42.3843
231.7631 42.2011
230.8207 42.0179
229.8783 41.8347
228.936 41.6515
227.0512 41.2852
225.1665 40.9188
224.2241 40.7356
222.1562 41.3116
220.2714 40.9453
219.1459 41.7045
217.2612 41.3381
216.3188 41.1549
215.3764 40.9718
214.434 40.7886
212.5493 40.4222
212.3661 41.3646
211.4238 41.1814
209.539 40.815
207.6543 40.4487
206.7119 40.2655
205.7695 40.0823
204.8272 39.8991
204.644 40.8415
203.7016 40.6583
202.7592 40.4752
201.8169 40.292
200.6913 41.0512
198.8066 40.6848
197.8642 40.5016
195.9795 40.1353
194.8539 40.8945
193.9116 40.7113
192.9692 40.5281
191.8436 41.2873
190.9013 41.1041
189.9589 40.9209
189.0165 40.7377
188.0742 40.5546
187.1318 40.3714
186.0062 41.1306
185.0639 40.9474
184.8807 41.8898
183.9383 41.7066
182.996 41.5234
182.0536 41.3402
180.1688 40.9739
179.2265 40.7907
178.2841 40.6075
177.3417 40.4243
175.2738 41.0003
174.3314 40.8172
172.4467 40.4508
171.3212 41.21
170.3788 41.0268
169.4364 40.8436
168.494 40.6604
167.5517 40.4773
166.6093 40.2941
165.6669 40.1109
164.5414 40.8701
163.599 40.6869
162.6566 40.5037
161.5311 41.2629
160.5887 41.0797
159.6464 40.8966
158.704 40.7134
157.7616 40.5302
157.5784 41.4726
156.6361 41.2894
155.6937 41.1062
154.7513 40.923
153.809 40.7399
152.6834 41.499
150.6155 42.0751
149.6731 41.8919
148.7307 41.7087
146.6628 42.2847
144.7781 41.9183
143.6525 42.6775
142.7102 42.4944
141.7678 42.3112
139.6999 42.8872
138.7575 42.704
137.632 43.4632
136.6896 43.28
135.7472 43.0968
134.6217 43.856
133.6793 43.6728
132.5537 44.432
131.6114 44.2489
130.4858 45.008
128.6011 44.6417
127.4755 45.4009
126.5332 45.2177
124.6484 44.8513
122.7637 44.485
121.8213 44.3018
121.6381 45.2442
120.6958 45.061
119.7534 44.8778
119.5702 45.8202
118.6279 45.637
117.6855 45.4538
116.7431 45.2706
115.6176 46.0298
113.7328 45.6635
112.6073 46.4227
111.6649 46.2395
110.5394 46.9987
109.597 46.8155
107.5291 47.3915
106.5867 47.2083
106.4035 48.1507
105.4611 47.9675
104.5188 47.7843
102.634 47.418
100.7493 47.0516
99.8069 46.8684
99.6237 47.8108
98.6814 47.6276
97.739 47.4444
96.7966 47.2613
96.0374 46.1357
95.0951 45.9525
94.1527 45.7693
93.2103 45.5862
92.268 45.403
91.3256 45.2198
89.4409 44.8534
88.4985 44.6703
86.6137 44.3039
84.729 43.9375
83.9698 42.812
82.0851 42.4456
81.1427 42.2625
80.2003 42.0793
78.3156 41.7129
77.3732 41.5297
76.4309 41.3466
75.4885 41.1634
74.5461 40.9802
73.6037 40.797
72.6614 40.6138
71.719 40.4307
70.7766 40.2475
69.8343 40.0643
68.8919 39.8811
67.9495 39.6979
67.0072 39.5148
66.0648 39.3316
65.1224 39.1484
64.18 38.9652
63.9969 39.9076
62.1121 39.5412
61.1698 39.358
60.2274 39.1749
59.285 38.9917
57.4003 38.6253
55.5155 38.259
53.6308 37.8926
53.814 36.9502
52.8716 36.7671
51.9292 36.5839
50.9869 36.4007
49.1021 36.0343
48.1598 35.8512
47.2174 35.668
46.275 35.4848
45.3327 35.3016
44.3903 35.1184
43.4479 34.9353