451.313 150.4021
449.6114 149.0934
448.6691 148.9102
447.7267 148.727
447.9099 147.7847
446.9675 147.6015
446.2083 146.4759
445.2659 146.2928
444.3236 146.1096
444.5068 145.1672
443.5644 144.984
442.8052 143.8585
442.046 142.7329
441.1036 142.5498
440.3444 141.4242
439.4021 141.241
437.7005 139.9323
435.999 138.6236
435.2398 137.498
434.2974 137.3148
434.4806 136.3725
433.5382 136.1893
432.5958 136.0061
430.8943 134.6974
429.9519 134.5142
428.0672 134.1478
427.308 133.0223
426.3656 132.8391
425.6064 131.7136
424.664 131.5304
423.7217 131.3472
423.9049 130.4048
422.9625 130.2216
422.2033 129.0961
421.2609 128.9129
421.4441 127.9705
420.5017 127.7874
419.5594 127.6042
418.8002 126.4786
418.041 125.3531
417.0986 125.1699
417.2818 124.2275
416.3394 124.0444
415.5802 122.9188
415.7634 121.9764
414.8211 121.7933
414.0619 120.6677
413.1195 120.4845
412.3603 119.359
412.5435 118.4166
411.6011 118.2334
410.8419 117.1079
411.0251 116.1655
410.0827 115.9823
409.3235 114.8568
408.5644 113.7312
408.7475 112.7889
407.8052 112.6057
407.046 111.4801
405.3444 110.1714
404.5852 109.0458
403.826 107.9203
402.1245 106.6116
400.4229 105.3028
399.4805 105.1197
399.6637 104.1773
397.0198 102.6854
397.203 101.743
396.4438 100.6175
395.5014 100.4343
394.7422 99.3087
393.7999 99.1255
393.983 98.1832
393.0407 98.
393.2238 97.0576
392.2815 96.8745
391.5223 95.7489
390.5799 95.5657
390.7631 94.6234
389.8207 94.4402
390.0039 93.4978
389.0615 93.3146
389.2447 92.3723
388.3023 92.1891
388.4855 91.2467
387.5432 91.0635
386.784 89.938
386.0248 88.8124
385.2656 87.6869
385.4488 86.7445
384.5064 86.5613
383.7472 85.4358
383.9304 84.4934
382.988 84.3102
383.1712 83.3679
382.2288 83.1847
381.4696 82.0591
381.6528 81.1168
380.7104 80.9336
379.9513 79.808
380.1344 78.8657
379.1921 78.6825
379.3752 77.7401
378.4329 77.5569
378.6161 76.6146
377.8569 75.489
378.04 74.5466
377.0977 74.3635
376.1553 74.1803
376.3385 73.2379
376.5217 72.2955
375.5793 72.1124
375.7625 71.17
374.8201 70.9868
375.0033 70.0444
374.2441 68.9189
374.4273 67.9765
373.4849 67.7933
373.6681 66.851
373.8513 65.9086
372.9089 65.7254
373.0921 64.783
372.1497 64.5999
372.3329 63.6575
371.3905 63.4743
371.5737 62.5319
371.7569 61.5896
370.8145 61.4064
370.9977 60.464
370.2385 59.3385
369.2961 59.1553
369.4793 58.2129
369.6625 57.2706
368.7201 57.0874
368.9033 56.145
367.9609 55.9618
368.1441 55.0195
368.3273 54.0771
367.3849 53.8939
367.5681 52.9515
366.6257 52.7684
366.8089 51.826
365.1073 50.5173
364.3482 49.3917
364.5313 48.4493
363.589 48.2662
362.8298 47.1406
363.013 46.1982
362.0706 46.0151
362.2538 45.0727
361.3114 44.8895
360.5522 43.764
360.7354 42.8216
359.793 42.6384
359.9762 41.696
359.0338 41.5129
358.0915 41.3297
358.2746 40.3873
357.5154 39.2618
356.5731 39.0786
356.7563 38.1362
355.8139 37.953
354.8715 37.7698
353.9291 37.5867
352.9868 37.4035
352.0444 37.2203
351.2852 36.0948
350.3429 35.9116
349.4005 35.7284
348.4581 35.5452
347.5157 35.362
347.6989 34.4197
346.7566 34.2365
345.8142 34.0533
345.055 32.9278
343.1703 32.5614
342.2279 32.3782
341.2855 32.195
340.3431 32.0119
338.4584 31.6455
337.516 31.4623
336.5737 31.2791
335.6313 31.096
334.6889 30.9128
333.9297 29.7872
332.9874 29.604
331.1026 29.2377
329.2179 28.8713
327.5163 27.5626
326.574 27.3794
325.6316 27.1962
324.6892 27.0131
322.8045 26.6467
320.9197 26.2803
319.9774 26.0972
318.0926 25.7308
318.2758 24.7884
317.3334 24.6052
315.4487 24.2389
314.5063 24.0557
313.564 23.8725
312.6216 23.6893
311.6792 23.5062
310.7368 23.323
308.8521 22.9566
307.9097 22.7734
306.9674 22.5903
306.025 22.4071
305.0826 22.2239
304.1403 22.0407
303.0147 22.7999
302.8315 23.7423
301.8892 23.5591
300.9468 23.3759
300.0044 23.1927
298.1197 22.8264
297.1773 22.6432
294.3502 22.0937
293.4078 21.9105
292.4655 21.7273
290.5807 21.3609
289.6383 21.1778
286.6281 21.5706
285.6857 21.3874
283.8009 21.0211
281.9162 20.6547
280.9738 20.4715
278.1467 19.922
277.2044 19.7388
275.1364 20.3148
274.1941 20.1316
273.2517 19.9484
272.3093 19.7653
271.1838 20.5245
269.299 20.1581
267.4143 19.7917
266.4719 19.6086
264.404 20.1846
262.5193 19.8182
261.5769 19.635
260.6345 19.4518
259.6922 19.2687
258.7498 19.0855
257.6242 19.8447
255.7395 19.4783
254.7971 19.2951
253.8548 19.112
251.97 18.7456
251.0277 18.5624
250.0853 18.3792
248.2005 18.0129
247.2582 17.8297
246.3158 17.6465
244.4311 17.2802
243.4887 17.097
241.4208 17.673
240.4784 17.4898
238.5937 17.1234
237.4681 17.8826
236.5257 17.6995
234.641 17.3331
233.6986 17.1499
232.7563 16.9667
230.8715 16.6004
228.0444 16.0508
227.102 15.8677
225.0341 16.4437
223.1494 16.0773
222.0238 16.8365
220.1391 16.4701
219.1967 16.287
218.2544 16.1038
217.312 15.9206
215.2441 16.4966
214.3017 16.3134
212.417 15.9471
211.4746 15.7639
210.5322 15.5807
209.4067 16.3399
207.5219 15.9735
206.5796 15.7904
204.6948 15.424
202.8101 15.0576
202.6269 16.
201.6845 15.8168
200.7422 15.6336
199.7998 15.4505
198.8574 15.2673
196.9727 14.9009
196.0303 14.7177
195.8471 15.6601
194.9048 15.4769
193.9624 15.2938
193.02 15.1106
192.8368 16.0529
191.8945 15.8698
190.9521 15.6866
190.0097 15.5034
189.0674 15.3202
187.1826 14.9539
186.2403 14.7707
185.1147 15.5299
184.1723 15.3467
183.0468 16.1059
182.1044 15.9227
181.162 15.7395
180.9789 16.6819
180.0365 16.4987
179.0941 16.3155
178.1518 16.1324
176.267 15.766
175.3246 15.5828
174.3823 15.3996
173.4399 15.2165
172.4975 15.0333
172.3144 15.9756
171.372 15.7925
170.4296 15.6093
169.3041 16.3685
167.4193 16.0021
166.477 15.8189
164.5922 15.4526
162.7075 15.0862
162.5243 16.0286
160.6396 15.6622
158.5716 16.2382
157.6293 16.0551
155.7445 15.6887
153.8598 15.3223
152.9174 15.1392
151.975 14.956
151.0327 14.7728
150.0903 14.5896
148.9648 15.3488
148.0224 15.1656
147.08 14.9824
146.1376 14.7993
145.9545 15.7416
145.0121 15.5585
144.0697 15.3753
142.0018 15.9513
141.0594 15.7681
140.1171 15.5849
139.1747 15.4017
138.2323 15.2186
137.29 15.0354
137.1068 15.9778
135.222 15.6114
134.2797 15.4282
133.3373 15.245
131.2694 15.821
130.327 15.6379
129.3846 15.4547
129.2015 16.3971
128.2591 16.2139
127.1335 16.9731
126.1912 16.7899
125.2488 16.6067
124.3064 16.4235
123.3641 16.2403
122.4217 16.0572
121.4793 15.874
120.3538 16.6332
119.4114 16.45
118.469 16.2668
117.3435 17.026
115.4587 16.6596
114.5164 16.4765
113.574 16.2933
112.6316 16.1101
111.6893 15.9269
111.5061 16.8693
110.5637 16.6861
108.679 16.3198
107.7366 16.1366
105.6687 16.7126
103.7839 16.3462
101.8992 15.9799
100.9568 15.7967
99.8313 16.5559
98.8889 16.3727
98.7057 17.3151
97.7634 17.1319
96.821 16.9487
95.8786 16.7655
94.9363 16.5823
93.9939 16.3992
93.0515 16.216
92.1091 16.0328
91.1668 15.8496
90.2244 15.6664
89.282 15.4833
89.0989 16.4256
88.1565 16.2425
87.2141 16.0593
86.2717 15.8761
85.3294 15.6929
84.387 15.5097
83.4446 15.3266
82.5023 15.1434
81.5599 14.9602
80.6175 14.777