8.7538	32.3157	23.0643
8.7745	32.2512	22.9765
8.7813	32.1836	22.8670
8.7847	32.1687	22.8602
8.7840	32.1513	22.8795
8.7784	32.1134	22.9539
8.7510	32.0503	23.0039
8.7410	31.9701	23.0470
8.7273	31.8790	23.0273
8.7246	31.8127	22.9789
8.7116	31.7393	22.9735
8.6971	31.5541	22.9508
8.7274	31.4177	22.9238
8.7280	31.1319	22.9123
8.6744	30.8736	22.8791
8.6310	30.7098	22.8758
8.5793	30.5233	22.8596
8.5211	30.3316	22.8377
8.4540	30.1868	22.7958
8.4317	30.0608	22.7805
8.4695	29.9474	22.7740
8.4846	29.8257	22.7645
8.4565	29.7278	22.7461
8.4393	29.6226	22.7209
8.4604	29.5465	22.7076
8.4855	29.4449	22.7031
8.5451	29.3237	22.6938
8.6052	29.1830	22.6923
8.6040	28.9630	22.6724
8.6136	28.8167	22.6667
8.6297	28.7231	22.6833
8.6680	28.6585	22.6633
8.6961	28.5628	22.6625
8.8056	28.4556	22.6690
8.9523	28.3496	22.6805
9.0653	28.2300	22.7085
9.2163	28.0578	22.7635
9.4151	27.9067	22.8002
9.6001	27.7486	22.8233
9.6584	27.6340	22.8045
9.6769	27.5267	22.7710
9.8144	27.3870	22.7834
9.9349	27.2156	22.8105
10.1381	26.9460	22.8534
10.2298	26.8070	22.8590
10.3530	26.6733	22.8492
10.4563	26.5512	22.8450
10.5464	26.4140	22.8452
10.5833	26.3086	22.8569
10.6448	26.1940	22.8710
10.6839	26.1473	22.8809
10.7398	26.0868	22.8892
10.8335	25.9859	22.9015
10.9422	25.9231	22.9110
11.0586	25.8507	22.9182
11.1729	25.7189	22.9043
11.2527	25.6843	22.8927
11.3752	25.5895	22.8876
11.6033	25.5489	22.9135
11.7862	25.4798	22.9808
11.8872	25.3879	23.0199
11.9613	25.2574	23.0128
12.1467	25.0312	23.0171
12.1928	24.9540	23.0024
12.2619	24.8967	22.9828
12.3760	24.7848	22.9540
12.4315	24.6500	22.9313
12.5347	24.5107	22.9330
12.6786	24.4154	22.9356
13.0651	24.1047	22.9630
13.2032	24.0614	22.9861
13.5032	24.0039	23.0578
13.7297	23.9911	23.1147
13.8860	23.9339	23.1686
14.1552	23.8999	23.1888
14.5245	23.8738	23.2378
14.7589	23.7347	23.3002
14.9977	23.5550	23.3052
15.3034	23.3509	23.3238
15.4803	23.1313	23.3208
15.6626	22.9628	23.3042
15.8808	22.9145	23.3123
16.0706	22.7722	23.3183
16.4294	22.6681	23.3802
16.6541	22.5497	23.4120
16.9466	22.4867	23.4421
17.2157	22.3901	23.4653
17.4863	22.2902	23.4703
17.8592	22.2504	23.5276
18.3126	22.2015	23.5632
18.5523	22.0141	23.5341
18.7682	21.7375	23.4727
18.9692	21.3585	23.3981
19.0742	21.1252	23.3415
19.2510	20.8816	23.3367
19.4848	20.5900	23.3251
19.7706	20.2520	23.2724
19.9503	19.7080	23.1746
20.1734	19.4422	23.1104
20.3207	19.2023	23.0668
20.4947	18.9172	22.9774
20.6755	18.6294	22.9223
20.9004	18.3439	22.8681
21.2769	17.8162	22.7784
21.3030	17.6269	22.7284
21.4067	17.3531	22.7064
21.6903	16.7665	22.6104
21.7557	16.3481	22.4907
21.7881	16.1920	22.4258
21.8963	16.0347	22.3719
21.8231	15.6471	22.2573
21.7250	15.2839	22.1770
21.7655	14.9416	22.1073
21.7212	14.6423	22.0439
21.8463	14.4057	22.0102
21.5418	14.0069	21.8950
21.5015	13.7478	21.8486
21.4230	13.5512	21.7973
21.2215	13.2389	21.6948
21.0595	13.0003	21.6064
21.0123	12.8947	21.5658
20.7163	12.3647	21.4510
20.6640	12.1630	21.4165
20.4717	11.8891	21.3615
20.3953	11.6246	21.2739
20.3678	11.4485	21.2015
20.1674	11.3125	21.1481
20.0382	11.1067	21.0768
20.1711	10.9377	21.0746
19.8792	10.6619	20.9815
19.6965	10.5327	20.9130
19.4976	10.3436	20.8332
19.4461	10.1512	20.7857
19.3612	10.0488	20.7580
18.9282	9.5648	20.5963
18.8359	9.4795	20.5340
18.6516	9.3660	20.4909
18.5826	9.1917	20.4792
18.4987	8.9897	20.4438
18.3806	8.8606	20.3877
18.2655	8.7747	20.3538
18.1153	8.6567	20.2721
18.0632	8.6247	20.2490
9.5968	33.9466	19.9806
9.5444	33.7965	20.0864
9.5386	33.7332	20.1651
9.5382	33.6804	20.2202
9.5337	33.5694	20.2693
9.4972	33.4508	20.3333
9.4819	33.3332	20.3874
9.4420	33.1751	20.4162
9.3490	33.0816	20.4653
9.3181	32.9674	20.5138
9.3077	32.8708	20.5675
9.2981	32.7915	20.6574
9.2341	32.7295	20.7542
9.1055	32.6882	20.8637
9.0209	32.6441	21.0158
8.9957	32.6354	21.1370
8.9552	32.6686	21.2744
8.8939	32.6722	21.4123
8.8666	32.6801	21.5304
8.9033	32.6663	21.7415
8.9116	32.6925	21.8649
8.8863	32.7027	21.9515
8.8918	32.7299	22.0447
8.8812	32.7812	22.1817
8.8479	32.8233	22.3078
8.8460	32.8947	22.4285
8.9108	32.9185	22.5214
8.9743	32.9793	22.6643
8.9495	33.0023	22.7839
8.8382	33.0199	22.9113
8.7943	32.9842	23.0399
8.7363	32.9068	23.1328
8.6983	32.7982	23.2480
8.6692	32.7259	23.2945
8.6725	32.6634	23.3512
8.6879	32.5440	23.4029
8.6227	32.4836	23.4081
8.5804	32.4068	23.4120
8.5783	32.3324	23.3611
8.6416	32.3441	23.3080
8.6718	32.3489	23.2770
9.8124	34.5636	17.6633
9.8509	34.5630	17.9251
9.9015	34.5680	18.1579
9.9173	34.5267	18.2003
9.9336	34.4981	18.3030
10.0181	34.5134	18.4665
10.0621	34.5160	18.6249
10.0555	34.5221	18.7330
10.0537	34.5158	18.8359
10.1013	34.4969	19.0198
10.0877	34.4616	19.1016
10.0153	34.3812	19.1837
9.8362	34.3362	19.2124
9.7562	34.2738	19.2646
9.7230	34.1692	19.3152
9.7159	34.1437	19.3737
9.6824	34.0866	19.4336
9.6435	34.0341	19.5154
9.6181	33.9903	19.6193
9.5930	33.9434	19.7415
9.6048	33.8650	19.8437
9.5770	33.7938	19.9405
9.5032	33.6929	20.0775
9.5185	33.6292	20.1133
9.7880	34.3397	17.1801
9.6971	34.3508	17.2823
9.6847	34.3866	17.4339
9.7292	34.4222	17.5482
9.7901	34.4794	17.6790
9.7678	34.4641	17.7857
9.7772	34.4338	17.9269
9.8141	34.4038	17.9995
9.8800	34.4220	18.1557
9.8823	34.4519	18.2326
8.8197	29.3532	14.9647
8.8668	29.4307	15.0331
8.7908	29.3874	15.0888
8.8020	29.4132	15.2280
8.7687	29.4248	15.2542
8.7970	29.5408	15.3619
8.7899	29.6230	15.4029
8.7941	29.6989	15.4402
8.7765	29.8058	15.4631
8.7738	29.8822	15.4928
8.7798	29.9186	15.5204
15.5393	47.0668	18.6245
15.5069	46.4603	18.4502
15.3990	46.0550	18.2866
15.3483	45.6062	18.1403
15.3219	45.1767	17.9749
15.1241	44.6169	17.7504
15.1394	44.2093	17.5576
15.0539	43.7124	17.3488
14.8210	43.0222	17.0782
14.6733	42.6787	16.8773
14.4424	42.2767	16.6590
14.3423	41.9121	16.4425
14.1959	41.6282	16.3085
14.0210	41.3765	16.1526
13.9478	41.0292	15.9543
13.7494	40.5947	15.7782
13.6059	40.2370	15.5471
13.2997	39.9844	15.4306
13.2376	39.6863	15.2677
13.2260	39.4159	15.1181
13.0169	39.1690	15.0775
12.8083	38.9308	14.9902
12.7192	38.6726	14.8572
12.5680	38.4524	14.7368
12.4672	38.2368	14.6402
12.4569	38.1043	14.5575
12.3495	37.8621	14.4981
12.1887	37.5352	14.4402
12.0413	37.1597	14.3284
11.9078	36.7364	14.1404
11.7767	36.3815	13.9815
11.6200	36.1594	13.9220
11.4660	35.8773	13.8520
11.3094	35.6486	13.7606
11.2043	35.3409	13.7233
10.9903	34.8107	13.5650
11.0204	34.6106	13.5430
11.0073	34.2939	13.5136
10.8950	33.9678	13.4230
10.7290	33.6712	13.3531
10.6395	33.4067	13.3388
10.5176	33.2118	13.2784
10.3769	33.0452	13.2543
10.3372	32.8896	13.2258
10.2533	32.7084	13.1967
10.0536	32.1041	13.1843
9.8797	31.7630	13.1519
9.6464	31.4329	13.1788
9.6020	31.2094	13.2012
9.5374	30.9386	13.2658
9.6163	30.7881	13.3565
9.6021	30.5698	13.4434
9.4638	30.4487	13.4873
9.2749	30.3505	13.5162
9.2035	30.2779	13.5635
9.2176	30.2488	13.6649
9.2657	30.2160	13.7710
9.3059	30.1688	13.8674
9.1918	30.1067	13.8488
9.0714	30.0318	13.8617
8.7225	29.8360	13.8204
8.7839	29.7103	13.8870
8.7780	29.5832	13.9316
8.8025	29.5079	13.9840
8.8427	29.4744	14.1018
8.8852	29.4194	14.1979
8.9027	29.3274	14.3248
8.8508	29.2669	14.4329
8.8567	29.2129	14.5131
8.8472	29.1261	14.6080
8.7844	29.0214	14.7107
8.7881	28.9697	14.7769
8.7776	28.9770	14.8461
8.7434	29.0570	14.9131
