1494.0	1354.6	700.0
1498.5	1399.7	700.0
1494.1	1306.2	700.0
1505.7	1442.0	700.0
1497.2	1272.7	700.0
1512.7	1489.8	700.0
1505.2	1239.8	700.0
1521.1	1526.0	700.0
1529.5	1552.0	700.0
1518.2	1212.3	700.0
1539.1	1579.9	700.0
1528.7	1184.8	700.0
1551.2	1608.9	700.0
1539.3	1157.1	700.0
1565.7	1639.4	700.0
1552.4	1131.6	700.0
1582.5	1666.6	700.0
1566.6	1105.9	700.0
1600.4	1693.9	700.0
1579.6	1079.0	700.0
1527.3	-51.7	700.0
1619.4	1719.0	700.0
1531.9	-5.0	700.0
1535.9	30.0	700.0
1539.8	61.9	700.0
1592.6	1050.9	700.0
1545.8	88.4	700.0
1552.3	123.7	700.0
1639.7	1744.9	700.0
1558.9	163.4	700.0
1604.3	1023.0	700.0
1565.2	196.6	700.0
1574.1	232.5	700.0
1616.2	997.0	700.0
1661.1	1770.5	700.0
1582.9	268.1	700.0
1591.6	302.5	700.0
1628.0	970.0	700.0
1600.4	336.0	700.0
1683.8	1797.4	700.0
1638.6	942.6	700.0
1609.1	370.4	700.0
1617.9	403.9	700.0
1646.7	913.6	700.0
1626.4	433.9	700.0
1652.4	882.9	700.0
1705.2	1823.3	700.0
1636.3	466.0	700.0
1658.0	849.4	700.0
1659.3	827.6	700.0
1643.6	495.1	700.0
1662.9	803.6	700.0
1649.8	525.8	700.0
1653.7	557.2	700.0
1666.1	769.5	700.0
1657.7	593.4	700.0
1819.4	3909.3	700.0
1725.5	1849.7	700.0
1662.7	647.0	700.0
1658.8	615.7	700.0
1668.1	727.7	700.0
1666.2	696.7	700.0
1664.3	682.4	700.0
1829.9	3879.9	700.0
1744.6	1876.5	700.0
1840.6	3854.6	700.0
1851.3	3829.0	700.0
1767.1	1898.8	700.0
1863.2	3804.0	700.0
1882.4	3781.4	700.0
1793.9	1911.8	700.0
1908.0	3770.4	700.0
1819.8	1906.0	700.0
1933.9	3764.5	700.0
1838.7	1879.0	700.0
1850.5	1851.6	700.0
1959.8	3760.1	700.0
1861.1	1824.6	700.0
1874.1	1798.2	700.0
1985.9	3757.3	700.0
1888.3	1770.9	700.0
1902.4	1743.1	700.0
2011.9	3754.9	700.0
1919.0	1716.4	700.0
2038.2	3756.3	700.0
1938.0	1689.5	700.0
1959.3	1663.3	700.0
2064.5	3759.3	700.0
1983.1	1638.8	700.0
2090.9	3765.9	700.0
2008.1	1614.0	700.0
2117.5	3774.0	700.0
2033.3	1592.6	700.0
2144.1	3784.3	700.0
2057.2	1570.2	700.0
2170.8	3795.2	700.0
2081.0	1544.6	700.0
2197.6	3807.9	700.0
2104.7	1518.6	700.0
2224.5	3822.7	700.0
2126.1	1493.6	700.0
2251.4	3838.1	700.0
2141.6	1469.6	700.0
2140.1	1285.9	700.0
2137.2	1249.3	700.0
2135.3	1217.9	700.0
2149.7	1439.9	700.0
2136.4	1182.4	700.0
2146.7	1325.7	700.0
2137.8	1137.3	700.0
2278.3	3855.5	700.0
2153.0	1407.3	700.0
2150.5	1356.3	700.0
2138.7	1105.1	700.0
2153.9	1375.8	700.0
2141.8	1071.4	700.0
2144.8	1032.9	700.0
2147.4	988.4	700.0
2150.2	946.9	700.0
2153.4	913.4	700.0
2305.4	3874.5	700.0
2156.7	882.9	700.0
2162.5	854.7	700.0
2168.2	824.8	700.0
2173.9	793.3	700.0
2332.5	3895.1	700.0
2175.2	770.7	700.0
2178.7	745.5	700.0
2183.3	717.1	700.0
2190.3	688.8	700.0
2359.7	3916.1	700.0
2197.3	660.2	700.0
2205.3	628.7	700.0
2213.4	599.5	700.0
2375.7	3927.2	700.0
2221.7	572.7	700.0
2230.0	546.6	700.0
2238.3	521.3	700.0
2246.6	495.4	700.0
2254.8	467.4	700.0
2263.0	441.3	700.0
2272.6	416.0	700.0
2283.2	389.9	700.0
2295.0	363.0	700.0
2306.8	334.6	700.0
2317.4	308.5	700.0
2328.0	281.5	700.0
2340.0	257.6	700.0
2355.4	231.1	700.0
2374.4	205.1	700.0
2393.3	178.9	700.0
2411.2	153.1	700.0
2429.0	128.0	700.0
2446.9	103.3	700.0
2464.7	79.2	700.0
2482.6	54.2	700.0
2500.4	28.7	700.0
2518.2	3.1	700.0
2532.7	-17.0	700.0
-20.8	1791.5	800.0
-3.0	1765.4	800.0
14.8	1738.6	800.0
31.4	1712.8	800.0
48.0	1686.8	800.0
67.0	1660.7	800.0
87.2	1634.2	800.0
46.6	927.8	800.0
44.2	890.6	800.0
52.7	996.3	800.0
49.3	959.1	800.0
45.7	859.6	800.0
46.8	831.9	800.0
59.2	1043.5	800.0
47.9	803.8	800.0
65.7	1080.5	800.0
52.3	772.6	800.0
56.2	745.8	800.0
74.2	1108.5	800.0
108.6	1609.3	800.0
82.5	1133.7	800.0
62.6	712.3	800.0
92.1	1161.1	800.0
68.2	680.0	800.0
73.8	648.1	800.0
104.0	1185.6	800.0
132.3	1582.9	800.0
79.6	620.2	800.0
117.1	1211.7	800.0
86.6	592.8	800.0
94.7	561.5	800.0
131.5	1238.7	800.0
157.3	1559.2	800.0
102.7	531.2	800.0
147.1	1267.4	800.0
110.9	502.3	800.0
119.0	473.2	800.0
162.7	1294.4	800.0
182.5	1536.9	800.0
127.1	443.4	800.0
179.5	1323.3	800.0
134.1	415.1	800.0
140.1	390.4	800.0
206.3	1513.0	800.0
197.3	1348.4	800.0
146.0	365.6	800.0
152.0	339.6	800.0
157.8	312.5	800.0
215.2	1373.6	800.0
225.2	1485.1	800.0
164.7	281.5	800.0
173.9	249.8	800.0
230.8	1401.7	800.0
238.3	1459.6	800.0
184.3	219.2	800.0
242.8	1430.2	800.0
193.7	191.5	800.0
202.0	165.4	800.0
210.2	137.1	800.0
218.3	107.9	800.0
227.7	80.1	800.0
238.3	52.7	800.0
247.6	24.5	800.0
255.8	-4.7	800.0
262.5	-38.3	800.0
265.0	-65.8	800.0
269.7	-88.0	800.0
1081.7	1310.2	800.0
1085.2	1362.5	800.0
1089.1	1394.7	800.0
1088.1	1272.2	800.0
1098.7	1421.4	800.0
1101.1	1244.8	800.0
1109.5	1448.5	800.0
1121.6	1477.0	800.0
1123.7	1220.5	800.0
1134.8	1506.2	800.0
1148.1	1534.7	800.0
1148.9	1199.5	800.0
1161.2	1559.9	800.0
1281.3	3897.4	800.0
1174.3	1585.7	800.0
1285.6	3868.1	800.0
1188.7	1613.1	800.0
1174.1	1180.0	800.0
1293.8	3834.4	800.0
1301.8	3802.6	800.0
1204.3	1642.1	800.0
1308.8	3775.1	800.0
1199.3	1159.0	800.0
1314.7	3748.3	800.0
1219.9	1669.5	800.0
1320.4	3718.0	800.0
1323.7	3688.3	800.0
1235.4	1696.6	800.0
1327.0	3656.3	800.0
1328.6	3615.1	800.0
1329.6	3570.7	800.0
1224.4	1136.6	800.0
1330.7	3533.7	800.0
1251.0	1723.2	800.0
1342.5	3507.0	800.0
1267.7	1751.1	800.0
1249.5	1114.1	800.0
1364.0	3483.5	800.0
1285.7	1778.7	800.0
1303.7	1806.5	800.0
1274.6	1091.8	800.0
1389.5	3470.3	800.0
1320.4	1832.9	800.0
1229.9	-64.1	800.0
1233.5	-26.9	800.0
1237.7	10.9	800.0
1299.7	1068.8	800.0
1415.7	3469.9	800.0
1244.9	53.3	800.0
1335.9	1858.9	800.0
1253.5	93.0	800.0
1262.2	127.3	800.0
1351.4	1885.4	800.0
1270.9	158.5	800.0
1322.1	1041.2	800.0
1441.9	3472.2	800.0
1279.3	185.3	800.0
1366.9	1911.6	800.0
1287.6	211.3	800.0
1296.0	238.2	800.0
1382.4	1938.3	800.0
1342.3	1014.9	800.0
1304.6	267.8	800.0
1468.5	3480.4	800.0
1313.2	300.1	800.0
1398.1	1966.9	800.0
1321.9	332.5	800.0
1360.1	989.2	800.0
1330.5	363.7	800.0
1413.6	1994.0	800.0
1495.0	3488.4	800.0
1339.0	392.5	800.0
1374.4	963.6	800.0
1347.5	421.3	800.0
1429.2	2022.2	800.0
1356.0	450.1	800.0
1387.5	939.2	800.0
1364.5	478.1	800.0
1444.8	2049.3	800.0
1521.5	3493.8	800.0
1373.0	506.5	800.0
1398.2	914.7	800.0
1381.4	534.1	800.0
1460.3	2076.3	800.0
1406.5	889.4	800.0
1389.8	561.7	800.0
1398.3	589.7	800.0
1547.9	3498.8	800.0
1475.9	2103.8	800.0
1414.8	862.4	800.0
1406.8	618.9	800.0
1419.2	830.4	800.0
1422.7	802.9	800.0
1415.6	652.9	800.0
1491.5	2130.8	800.0
1426.1	776.0	800.0
1424.1	683.5	800.0
1428.5	742.9	800.0
1426.6	710.3	800.0
1574.2	3502.3	800.0
1507.0	2158.1	800.0
1522.6	2184.9	800.0
1600.5	3505.1	800.0
1538.2	2213.8	800.0
1553.7	2240.8	800.0
1626.8	3508.0	800.0
1569.4	2269.5	800.0
1584.9	2296.5	800.0
1653.1	3511.7	800.0
1600.5	2324.8	800.0
1614.8	2350.5	800.0
1679.4	3512.9	800.0
1628.0	2376.4	800.0
1641.1	2402.3	800.0
1705.5	3513.3	800.0
1655.4	2429.3	800.0
1671.1	2458.4	800.0
1731.6	3511.2	800.0
1686.7	2487.4	800.0
1699.8	2511.6	800.0
1757.5	3505.1	800.0
1709.3	2538.1	800.0
1719.0	2566.6	800.0
1738.2	2796.1	800.0
1727.2	2600.5	800.0
1735.4	2749.9	800.0
1730.5	2632.7	800.0
1783.3	3497.8	800.0
1735.7	2717.2	800.0
1735.4	2686.3	800.0
1734.3	2663.0	800.0
1758.9	2830.8	800.0
1809.0	3488.7	800.0
1785.2	2834.6	800.0
1834.8	3480.4	800.0
1811.3	2833.4	800.0
1860.6	3472.5	800.0
1837.3	2829.8	800.0
1886.4	3465.0	800.0
1863.1	2820.7	800.0
1912.3	3458.1	800.0
1888.6	2806.9	800.0
1938.1	3452.2	800.0
1909.1	2788.1	800.0
1924.5	2761.9	800.0
1964.1	3448.6	800.0
1937.6	2736.4	800.0
1990.3	3447.8	800.0
1948.2	2708.9	800.0
1957.6	2682.8	800.0
1963.0	2654.1	800.0
1965.8	2629.6	800.0
2016.5	3450.2	800.0
1969.3	2602.7	800.0
1973.9	2574.6	800.0
1980.6	2540.2	800.0
1986.4	2511.0	800.0
2042.9	3454.1	800.0
1993.4	2482.8	800.0
2001.4	2452.2	800.0
2010.7	2423.1	800.0
2069.6	3465.9	800.0
2021.4	2397.0	800.0
2032.1	2371.7	800.0
2096.4	3478.6	800.0
2042.8	2346.4	800.0
2054.6	2318.7	800.0
2123.2	3492.1	800.0
2066.4	2292.0	800.0
2078.3	2266.6	800.0
2150.0	3506.9	800.0
2091.4	2242.1	800.0
2104.5	2217.1	800.0
2177.1	3525.1	800.0
2117.6	2192.0	800.0
2130.6	2166.5	800.0
2204.3	3548.5	800.0
2143.6	2139.9	800.0
2231.6	3571.6	800.0
2156.7	2113.6	800.0
2170.9	2088.3	800.0
2258.9	3595.9	800.0
2186.3	2061.7	800.0
2201.7	2035.0	800.0
2286.3	3621.2	800.0
2215.9	2009.0	800.0
2312.5	3647.6	800.0
2229.1	1985.0	800.0
2243.3	1958.6	800.0
2337.5	3674.1	800.0
2258.6	1930.9	800.0
2362.6	3700.1	800.0
2274.0	1904.9	800.0
2289.5	1879.1	800.0
2388.8	3727.4	800.0
2304.9	1853.3	800.0
2416.2	3752.5	800.0
2319.2	1828.5	800.0
2333.4	1802.4	800.0
2443.4	3775.6	800.0
2348.7	1774.4	800.0
2366.5	1747.0	800.0
2470.8	3801.0	800.0
2386.6	1721.1	800.0
2497.9	3821.0	800.0
2404.5	1697.1	800.0
2375.3	977.7	800.0
2372.7	936.0	800.0
2380.2	1020.4	800.0
2372.3	899.6	800.0
2524.9	3838.2	800.0
2383.6	1054.0	800.0
2373.7	869.2	800.0
2420.0	1672.1	800.0
2389.8	1084.3	800.0
2376.7	840.7	800.0
2379.4	815.0	800.0
2396.1	1117.4	800.0
2383.7	784.5	800.0
2402.4	1149.4	800.0
2387.9	759.8	800.0
2431.8	1644.0	800.0
2408.5	1177.3	800.0
2414.6	1205.1	800.0
2551.9	3855.8	800.0
2395.7	731.4	800.0
2440.0	1617.5	800.0
2421.7	1235.2	800.0
2427.4	1262.9	800.0
2403.7	699.3	800.0
2447.1	1590.6	800.0
2435.4	1294.0	800.0
2452.7	1559.1	800.0
2441.4	1319.4	800.0
2413.1	671.1	800.0
2444.9	1344.5	800.0
2448.6	1371.9	800.0
2578.9	3873.4	800.0
2458.3	1525.6	800.0
2452.4	1401.0	800.0
2458.0	1493.9	800.0
2456.7	1467.7	800.0
2457.2	1440.9	800.0
2453.3	1421.2	800.0
2423.8	645.8	800.0
2434.4	619.9	800.0
2605.9	3890.9	800.0
2446.3	594.5	800.0
2459.4	569.8	800.0
2632.8	3907.0	800.0
2472.5	545.2	800.0
2486.7	519.0	800.0
2659.7	3922.1	800.0
2501.0	493.3	800.0
2515.2	467.6	800.0
2682.9	3935.0	800.0
2533.1	442.4	800.0
2553.4	418.5	800.0
2573.6	394.3	800.0
2593.8	369.2	800.0
2612.9	344.5	800.0
2628.2	317.3	800.0
2641.3	291.0	800.0
2654.2	262.9	800.0
2667.2	235.6	800.0
2681.5	210.5	800.0
2696.9	183.8	800.0
2712.2	157.0	800.0
2727.6	130.5	800.0
2743.0	103.5	800.0
2759.6	77.0	800.0
2777.3	50.1	800.0
2795.1	23.8	800.0
2811.8	-1.3	800.0
51.2	3463.0	900.0
72.6	3436.8	900.0
92.8	3411.7	900.0
113.0	3386.1	900.0
131.9	3358.9	900.0
149.7	3332.5	900.0
167.4	3304.5	900.0
183.9	3277.4	900.0
199.4	3251.2	900.0
169.5	2428.3	900.0
214.7	3224.0	900.0
174.6	2476.9	900.0
169.0	2382.8	900.0
179.1	2522.5	900.0
169.3	2338.8	900.0
171.1	2302.6	900.0
185.8	2563.4	900.0
174.2	2267.4	900.0
192.4	2601.7	900.0
177.4	2233.9	900.0
229.0	3198.0	900.0
199.0	2639.9	900.0
181.6	2201.7	900.0
206.8	2680.2	900.0
184.2	2177.5	900.0
215.4	2715.8	900.0
188.7	2150.8	900.0
240.7	3170.4	900.0
221.7	2744.1	900.0
226.3	2766.0	900.0
195.6	2116.8	900.0
251.4	3143.7	900.0
232.3	2790.8	900.0
201.3	2086.1	900.0
238.3	2817.7	900.0
244.4	2845.2	900.0
208.1	2053.9	900.0
259.7	3118.5	900.0
250.5	2874.9	900.0
265.5	3089.8	900.0
256.7	2905.4	900.0
216.2	2023.9	900.0
263.0	2938.0	900.0
271.1	3058.3	900.0
267.3	2964.8	900.0
270.8	3026.2	900.0
269.5	3000.0	900.0
224.3	1994.1	900.0
233.6	1965.2	900.0
244.3	1938.2	900.0
254.9	1910.7	900.0
265.5	1884.7	900.0
276.2	1859.4	900.0
287.0	1835.2	900.0
297.7	1810.2	900.0
309.5	1784.2	900.0
322.5	1757.6	900.0
335.6	1731.9	900.0
350.9	1704.2	900.0
369.9	1678.1	900.0
329.9	923.4	900.0
333.7	964.0	900.0
337.6	996.2	900.0
331.9	875.3	900.0
342.2	1029.9	900.0
334.8	835.6	900.0
350.4	1064.4	900.0
339.0	803.6	900.0
390.0	1650.9	900.0
343.1	777.3	900.0
359.1	1097.2	900.0
367.5	1125.6	900.0
349.7	749.0	900.0
375.9	1151.6	900.0
355.5	719.5	900.0
410.3	1625.8	900.0
384.3	1178.0	900.0
361.1	687.6	900.0
393.9	1204.5	900.0
366.7	654.5	900.0
372.4	625.3	900.0
404.6	1230.7	900.0
429.3	1601.7	900.0
378.3	597.8	900.0
415.4	1256.6	900.0
384.1	570.6	900.0
427.4	1284.5	900.0
391.1	541.7	900.0
447.1	1575.6	900.0
399.1	510.5	900.0
440.6	1312.7	900.0
407.1	479.6	900.0
466.0	1547.7	900.0
453.8	1340.3	900.0
415.2	448.3	900.0
468.2	1368.6	900.0
423.2	417.7	900.0
487.4	1522.9	900.0
431.3	386.8	900.0
482.6	1395.6	900.0
440.6	357.6	900.0
494.5	1421.7	900.0
503.0	1500.1	900.0
451.2	329.9	900.0
504.2	1449.4	900.0
510.0	1471.7	900.0
461.8	303.1	900.0
472.4	275.9	900.0
483.1	249.6	900.0
493.8	224.5	900.0
504.5	199.7	900.0
515.2	174.6	900.0
526.0	150.4	900.0
537.7	122.8	900.0
550.7	94.7	900.0
562.5	67.0	900.0
574.3	40.8	900.0
586.1	14.8	900.0
596.8	-10.6	900.0
607.6	-35.4	900.0
618.3	-60.3	900.0
625.8	-76.4	900.0
772.3	1414.1	900.0
767.5	1368.4	900.0
773.6	1337.7	900.0
784.8	1448.3	900.0
785.3	1307.1	900.0
799.2	1476.0	900.0
798.3	1280.6	900.0
814.7	1502.2	900.0
814.9	1255.6	900.0
831.5	1529.8	900.0
833.9	1229.2	900.0
850.5	1555.3	900.0
961.8	3881.3	900.0
965.1	3850.8	900.0
968.2	3815.2	900.0
968.6	3773.1	900.0
872.0	1582.4	900.0
855.4	1205.5	900.0
968.7	3739.1	900.0
975.1	3710.7	900.0
981.0	3684.4	900.0
892.3	1609.4	900.0
986.9	3657.6	900.0
879.1	1179.8	900.0
992.7	3629.7	900.0
998.5	3601.3	900.0
910.2	1635.6	900.0
1004.3	3573.0	900.0
904.2	1155.9	900.0
1010.1	3543.9	900.0
928.1	1662.0	900.0
1015.8	3514.3	900.0
1021.5	3484.4	900.0
946.1	1688.9	900.0
1028.6	3457.6	900.0
929.3	1134.2	900.0
1038.1	3432.2	900.0
964.0	1715.6	900.0
1047.6	3406.8	900.0
954.4	1111.0	900.0
1055.7	3378.3	900.0
981.9	1743.0	900.0
1062.7	3350.3	900.0
1068.5	3320.7	900.0
998.7	1770.3	900.0
1076.4	3287.2	900.0
979.3	1085.6	900.0
1015.4	1797.6	900.0
1089.5	3262.8	900.0
1031.0	1824.3	900.0
1003.1	1060.7	900.0
1109.8	3238.9	900.0
1044.1	1850.4	900.0
1057.2	1876.7	900.0
1024.5	1034.2	900.0
1135.4	3227.9	900.0
1070.3	1902.8	900.0
1085.8	1928.4	900.0
1044.7	1008.1	900.0
1161.5	3224.8	900.0
1001.9	-47.0	900.0
1103.8	1956.5	900.0
1008.4	-10.2	900.0
1063.6	981.4	900.0
1015.1	30.7	900.0
1021.6	68.7	900.0
1026.4	106.6	900.0
1121.8	1984.3	900.0
1029.7	140.0	900.0
1187.5	3222.2	900.0
1036.1	173.5	900.0
1080.3	957.2	900.0
1042.7	212.0	900.0
1049.3	251.1	900.0
1138.6	2013.2	900.0
1056.9	285.9	900.0
1094.5	930.9	900.0
1065.8	323.0	900.0
1213.5	3218.0	900.0
1154.3	2042.2	900.0
1072.1	351.0	900.0
1107.5	904.4	900.0
1079.3	382.3	900.0
1086.5	414.2	900.0
1169.9	2070.8	900.0
1091.7	443.5	900.0
1119.4	878.4	900.0
1239.4	3213.6	900.0
1100.5	478.6	900.0
1186.6	2096.9	900.0
1109.0	508.6	900.0
1128.8	851.6	900.0
1115.3	540.9	900.0
1121.6	573.2	900.0
1137.1	824.5	900.0
1204.5	2124.3	900.0
1127.8	603.1	900.0
1265.3	3208.6	900.0
1133.8	630.7	900.0
1142.4	794.2	900.0
1145.0	767.1	900.0
1139.9	657.9	900.0
1147.4	733.7	900.0
1146.6	700.4	900.0
1144.5	679.8	900.0
1222.5	2152.4	900.0
1291.2	3202.5	900.0
1239.3	2179.9	900.0
1256.0	2207.3	900.0
1317.0	3195.2	900.0
1272.8	2235.1	900.0
1288.3	2261.3	900.0
1342.6	3182.9	900.0
1303.8	2287.4	900.0
1320.6	2314.9	900.0
1368.0	3166.0	900.0
1338.6	2344.3	900.0
1389.6	3145.3	900.0
1355.4	2372.6	900.0
1406.3	3120.7	900.0
1369.9	2402.7	900.0
1383.2	2431.9	900.0
1418.3	3097.1	900.0
1396.5	2462.3	900.0
1426.4	3068.8	900.0
1433.5	3041.4	900.0
1408.6	2491.5	900.0
1439.3	3013.5	900.0
1419.4	2517.4	900.0
1445.0	2983.9	900.0
1430.1	2543.6	900.0
1450.7	2953.6	900.0
1456.4	2922.5	900.0
1440.9	2570.7	900.0
1462.0	2890.6	900.0
1451.7	2597.4	900.0
1466.2	2854.7	900.0
1471.5	2819.9	900.0
1462.5	2625.4	900.0
1474.0	2791.9	900.0
1469.1	2688.3	900.0
1466.3	2653.8	900.0
1473.7	2753.1	900.0
1471.8	2720.5	900.0
2263.0	2677.5	900.0
2267.5	2721.4	900.0
2262.5	2632.9	900.0
2260.0	2597.6	900.0
2271.5	2756.3	900.0
2263.9	2570.7	900.0
2277.8	2788.9	900.0
2283.9	2817.7	900.0
2271.9	2539.1	900.0
2293.8	2851.0	900.0
2281.2	2508.4	900.0
2305.9	2879.1	900.0
2291.7	2479.3	900.0
2319.2	2909.0	900.0
2302.3	2450.9	900.0
2333.6	2938.3	900.0
2314.1	2424.6	900.0
2349.2	2964.6	900.0
2327.0	2396.5	900.0
2364.7	2990.8	900.0
2340.0	2368.4	900.0
2381.4	3016.9	900.0
2351.7	2340.7	900.0
2400.5	3044.3	900.0
2363.6	2314.5	900.0
2377.8	2288.3	900.0
2420.9	3073.5	900.0
2394.4	2262.0	900.0
2441.3	3101.6	900.0
2412.1	2234.1	900.0
2465.1	3127.4	900.0
2429.8	2206.1	900.0
2492.4	3152.3	900.0
2447.5	2178.2	900.0
2465.2	2150.2	900.0
2519.6	3173.3	900.0
2482.9	2122.3	900.0
2546.7	3193.4	900.0
2499.6	2097.2	900.0
2573.8	3212.7	900.0
2517.4	2071.1	900.0
2536.4	2045.7	900.0
2601.0	3235.1	900.0
2556.6	2019.7	900.0
2624.8	3260.2	900.0
2580.4	1995.9	900.0
2646.3	3286.3	900.0
2605.4	1971.6	900.0
2670.1	3313.5	900.0
2695.2	3339.6	900.0
2630.5	1947.6	900.0
2721.4	3365.4	900.0
2607.5	1150.7	900.0
2655.4	1922.5	900.0
2613.5	1236.2	900.0
2610.6	1201.7	900.0
2608.5	1181.4	900.0
2608.3	1111.3	900.0
2619.8	1268.8	900.0
2611.0	1082.8	900.0
2626.0	1299.2	900.0
2614.2	1049.9	900.0
2617.6	1021.5	900.0
2635.8	1330.6	900.0
2621.0	993.1	900.0
2748.8	3391.5	900.0
2624.3	963.2	900.0
2680.5	1899.1	900.0
2650.1	1357.6	900.0
2627.7	934.2	900.0
2632.3	904.6	900.0
2672.7	1381.9	900.0
2638.9	869.0	900.0
2776.1	3416.7	900.0
2644.5	837.1	900.0
2705.5	1875.1	900.0
2651.5	809.0	900.0
2659.8	784.0	900.0
2699.7	1399.2	900.0
2803.5	3441.5	900.0
2668.2	759.0	900.0
2730.6	1851.9	900.0
2676.5	733.7	900.0
2726.3	1409.3	900.0
2684.9	709.3	900.0
2830.7	3463.4	900.0
2755.7	1829.8	900.0
2694.3	683.1	900.0
2706.2	657.2	900.0
2752.6	1411.1	900.0
2857.8	3483.4	900.0
2780.9	1808.5	900.0
2719.2	631.7	900.0
2733.5	606.3	900.0
2778.4	1403.2	900.0
2884.8	3501.9	900.0
2806.3	1793.6	900.0
2749.0	581.1	900.0
2803.7	1385.1	900.0
2764.4	556.0	900.0
2911.8	3519.0	900.0
2832.3	1788.8	900.0
2784.6	529.9	900.0
2825.1	1360.5	900.0
2938.6	3533.7	900.0
2859.1	1801.9	900.0
2841.8	1335.7	900.0
2809.8	509.1	900.0
2965.5	3547.6	900.0
2886.1	1820.9	900.0
2857.2	1310.2	900.0
2835.3	495.3	900.0
2871.5	1285.8	900.0
2992.3	3561.6	900.0
2913.5	1845.7	900.0
2884.6	1260.3	900.0
2861.5	495.4	900.0
2896.4	1234.5	900.0
3019.1	3575.2	900.0
2939.7	1871.8	900.0
2905.8	1206.8	900.0
2881.4	515.1	900.0
2913.1	1183.8	900.0
2918.7	1153.2	900.0
3045.8	3585.5	900.0
2962.2	1896.4	900.0
2893.4	541.4	900.0
2922.1	1124.1	900.0
2925.3	1090.1	900.0
2900.6	568.1	900.0
2927.3	1048.3	900.0
2925.4	1017.0	900.0
2924.1	990.8	900.0
2923.2	958.4	900.0
2919.7	861.8	900.0
2916.3	825.3	900.0
2916.2	798.0	900.0
2909.9	653.9	900.0
2907.8	620.6	900.0
2905.2	591.4	900.0
2923.5	926.6	900.0
2922.2	900.4	900.0
2916.1	769.4	900.0
2914.8	743.3	900.0
2913.6	717.1	900.0
2912.3	690.9	900.0
2982.5	1922.8	900.0
3072.4	3595.3	900.0
3001.6	1949.5	900.0
3099.0	3604.7	900.0
3018.4	1976.8	900.0
3033.9	2002.7	900.0
3125.5	3611.1	900.0
3050.6	2030.2	900.0
3068.6	2058.4	900.0
3151.9	3617.0	900.0
3086.6	2086.5	900.0
3178.4	3623.1	900.0
3104.5	2113.1	900.0
3122.4	2139.7	900.0
3204.8	3629.1	900.0
3140.3	2166.0	900.0
3221.6	3632.0	900.0
3151.7	2180.8	900.0
150.2	3853.5	1000.0
151.5	3822.5	1000.0
157.3	3793.9	1000.0
164.3	3766.4	1000.0
170.3	3742.4	1000.0
177.3	3714.0	1000.0
185.3	3683.4	1000.0
193.4	3653.9	1000.0
201.7	3627.7	1000.0
211.1	3599.3	1000.0
221.7	3571.6	1000.0
233.5	3545.8	1000.0
247.7	3518.4	1000.0
263.0	3491.0	1000.0
280.8	3464.2	1000.0
301.0	3438.0	1000.0
323.6	3413.0	1000.0
348.5	3387.3	1000.0
373.5	3362.8	1000.0
398.6	3339.7	1000.0
423.8	3320.4	1000.0
449.3	3306.2	1000.0
423.8	2514.4	1000.0
420.9	2478.4	1000.0
420.6	2447.8	1000.0
419.5	2425.2	1000.0
417.1	2399.8	1000.0
415.9	2373.6	1000.0
414.1	2344.2	1000.0
416.8	2316.6	1000.0
474.9	3293.4	1000.0
430.2	2549.4	1000.0
420.8	2280.1	1000.0
436.6	2585.5	1000.0
443.1	2622.3	1000.0
447.2	2658.7	1000.0
427.9	2250.0	1000.0
453.6	2692.2	1000.0
433.9	2225.2	1000.0
462.4	2727.3	1000.0
500.6	3283.5	1000.0
441.0	2199.1	1000.0
472.2	2758.5	1000.0
449.2	2172.3	1000.0
483.2	2789.4	1000.0
457.4	2145.0	1000.0
494.2	2820.7	1000.0
526.3	3274.0	1000.0
466.8	2117.8	1000.0
505.3	2854.3	1000.0
477.3	2088.4	1000.0
517.6	2888.0	1000.0
552.1	3265.4	1000.0
487.9	2060.2	1000.0
531.9	2914.0	1000.0
498.6	2034.2	1000.0
548.7	2942.7	1000.0
509.2	2008.6	1000.0
578.0	3261.5	1000.0
566.6	2970.1	1000.0
519.9	1982.6	1000.0
530.6	1956.3	1000.0
586.9	2995.2	1000.0
604.1	3258.3	1000.0
541.2	1929.8	1000.0
611.9	3022.5	1000.0
551.8	1901.6	1000.0
630.1	3256.0	1000.0
562.3	1872.5	1000.0
572.9	1845.3	1000.0
639.2	3044.7	1000.0
656.3	3256.2	1000.0
584.7	1819.7	1000.0
598.9	1791.9	1000.0
666.3	3064.9	1000.0
682.5	3256.6	1000.0
615.5	1766.3	1000.0
693.2	3081.6	1000.0
579.1	862.2	1000.0
578.8	815.1	1000.0
708.8	3259.4	1000.0
635.7	1740.6	1000.0
599.6	902.6	1000.0
584.5	783.6	1000.0
585.7	759.8	1000.0
590.0	730.0	1000.0
720.1	3096.8	1000.0
598.4	700.6	1000.0
659.8	1721.9	1000.0
735.2	3264.9	1000.0
626.4	916.6	1000.0
606.4	669.7	1000.0
761.6	3873.0	1000.0
766.0	3839.4	1000.0
613.3	639.5	1000.0
770.4	3807.0	1000.0
746.8	3107.3	1000.0
620.4	612.2	1000.0
773.8	3778.9	1000.0
685.9	1720.2	1000.0
761.8	3273.9	1000.0
778.3	3749.3	1000.0
652.9	923.0	1000.0
628.6	586.0	1000.0
783.6	3709.7	1000.0
637.0	561.0	1000.0
790.4	3678.2	1000.0
773.1	3110.3	1000.0
645.3	536.0	1000.0
712.7	1734.9	1000.0
796.1	3647.9	1000.0
788.7	3288.6	1000.0
679.0	921.8	1000.0
653.6	510.2	1000.0
801.8	3617.5	1000.0
807.4	3583.2	1000.0
661.9	483.7	1000.0
799.3	3110.7	1000.0
812.8	3547.8	1000.0
735.5	1762.9	1000.0
668.8	455.1	1000.0
816.9	3513.2	1000.0
810.1	3314.5	1000.0
704.8	914.0	1000.0
819.5	3489.0	1000.0
674.6	426.4	1000.0
823.0	3461.6	1000.0
820.0	3346.8	1000.0
680.2	394.8	1000.0
825.1	3430.5	1000.0
823.9	3404.3	1000.0
823.7	3376.6	1000.0
752.1	1787.9	1000.0
825.4	3109.4	1000.0
687.0	362.1	1000.0
766.5	1815.4	1000.0
730.2	898.5	1000.0
696.4	333.1	1000.0
779.6	1841.5	1000.0
708.0	303.0	1000.0
851.4	3106.0	1000.0
792.8	1867.6	1000.0
755.6	882.4	1000.0
721.1	278.9	1000.0
805.9	1893.2	1000.0
733.0	253.2	1000.0
877.2	3099.4	1000.0
820.3	1922.0	1000.0
781.1	866.4	1000.0
743.5	223.1	1000.0
834.8	1950.8	1000.0
757.7	196.5	1000.0
903.0	3091.4	1000.0
847.9	1976.6	1000.0
806.3	846.7	1000.0
779.0	170.3	1000.0
861.0	2002.5	1000.0
928.6	3078.4	1000.0
874.2	2030.0	1000.0
831.5	825.5	1000.0
887.4	2057.8	1000.0
804.4	152.6	1000.0
952.6	3058.9	1000.0
900.6	2085.5	1000.0
856.5	801.1	1000.0
913.8	2113.6	1000.0
828.6	161.4	1000.0
976.4	3034.6	1000.0
927.0	2140.8	1000.0
940.2	2168.1	1000.0
879.1	777.6	1000.0
845.5	192.5	1000.0
856.5	224.1	1000.0
953.4	2195.9	1000.0
1001.6	3012.9	1000.0
867.4	253.5	1000.0
898.2	752.3	1000.0
967.8	2223.9	1000.0
878.3	281.5	1000.0
983.4	2252.6	1000.0
889.1	309.8	1000.0
1027.4	3006.5	1000.0
911.3	728.0	1000.0
898.9	340.9	1000.0
919.4	698.6	1000.0
999.0	2279.8	1000.0
907.3	367.8	1000.0
926.2	666.7	1000.0
927.4	641.4	1000.0
915.6	392.2	1000.0
919.5	424.6	1000.0
1053.5	3003.4	1000.0
1014.6	2308.3	1000.0
930.6	608.3	1000.0
924.0	469.6	1000.0
931.4	575.0	1000.0
928.4	512.6	1000.0
931.2	546.8	1000.0
1030.2	2335.1	1000.0
1079.5	3000.3	1000.0
1045.7	2362.4	1000.0
1061.3	2389.4	1000.0
1105.4	2994.5	1000.0
1078.0	2416.5	1000.0
1097.1	2442.8	1000.0
1131.3	2988.8	1000.0
1116.2	2469.5	1000.0
1157.1	2981.4	1000.0
1134.1	2496.8	1000.0
1152.1	2524.5	1000.0
1182.8	2971.4	1000.0
1170.0	2551.8	1000.0
1207.9	2949.7	1000.0
1187.9	2578.2	1000.0
1202.4	2606.6	1000.0
1227.0	2926.3	1000.0
1213.4	2639.3	1000.0
1223.1	2667.7	1000.0
1240.1	2900.4	1000.0
1231.5	2693.7	1000.0
1239.7	2717.7	1000.0
1249.6	2875.0	1000.0
1249.3	2844.0	1000.0
1248.0	2817.9	1000.0
1246.8	2791.7	1000.0
1245.6	2765.5	1000.0
1244.4	2739.9	1000.0
2491.6	2571.0	1000.0
2495.4	2612.4	1000.0
2499.4	2646.6	1000.0
2493.8	2528.5	1000.0
2498.1	2492.7	1000.0
2510.5	2679.4	1000.0
2506.1	2461.2	1000.0
2523.8	2710.0	1000.0
2514.2	2431.4	1000.0
2537.1	2738.3	1000.0
2523.8	2406.9	1000.0
2551.4	2765.1	1000.0
2534.5	2381.9	1000.0
2570.7	2795.3	1000.0
2546.3	2355.5	1000.0
2559.3	2329.4	1000.0
2593.3	2821.3	1000.0
2572.4	2303.9	1000.0
2618.4	2848.1	1000.0
2589.1	2278.8	1000.0
2609.3	2253.8	1000.0
2644.7	2876.0	1000.0
2631.9	2228.9	1000.0
2670.8	2900.6	1000.0
2657.0	2207.3	1000.0
2698.2	2925.3	1000.0
2682.4	2189.5	1000.0
2725.4	2947.9	1000.0
2707.8	2175.3	1000.0
2752.6	2969.6	1000.0
2733.4	2162.2	1000.0
2779.8	2991.3	1000.0
2759.3	2156.2	1000.0
2806.9	3012.1	1000.0
2785.2	2151.3	1000.0
2834.0	3032.3	1000.0
2811.2	2146.8	1000.0
2861.0	3049.4	1000.0
2837.3	2145.7	1000.0
2887.7	3061.3	1000.0
2863.4	2144.5	1000.0
2914.4	3072.0	1000.0
2889.6	2144.8	1000.0
2941.1	3082.4	1000.0
2916.0	2150.2	1000.0
2967.7	3092.5	1000.0
2942.6	2159.4	1000.0
2994.4	3102.6	1000.0
2969.4	2173.3	1000.0
3021.0	3112.5	1000.0
2996.6	2194.3	1000.0
3047.6	3122.3	1000.0
3020.2	2216.4	1000.0
3074.3	3132.3	1000.0
3039.4	2244.3	1000.0
3100.9	3142.4	1000.0
3056.1	2271.8	1000.0
3071.6	2297.9	1000.0
3127.4	3150.4	1000.0
3087.2	2326.1	1000.0
3101.6	2352.8	1000.0
3153.9	3156.7	1000.0
3114.7	2379.1	1000.0
3127.9	2406.4	1000.0
3180.4	3163.0	1000.0
3139.8	2430.7	1000.0
3198.4	3167.1	1000.0
371.9	3741.7	1100.0
380.0	3841.5	1100.0
376.5	3803.4	1100.0
375.3	3777.2	1100.0
376.7	3705.3	1100.0
386.0	3677.7	1100.0
400.2	3651.0	1100.0
418.2	3627.6	1100.0
436.0	3602.5	1100.0
455.0	3576.4	1100.0
474.0	3550.7	1100.0
491.8	3525.0	1100.0
508.4	3498.3	1100.0
527.4	3473.0	1100.0
551.1	3446.5	1100.0
578.9	3856.6	1100.0
576.2	3422.8	1100.0
596.6	3829.9	1100.0
612.0	3802.7	1100.0
601.8	3411.1	1100.0
622.6	3776.6	1100.0
630.8	3747.5	1100.0
627.9	3410.4	1100.0
577.1	2538.5	1100.0
574.4	2505.9	1100.0
573.2	2479.7	1100.0
571.2	2446.8	1100.0
581.0	2569.1	1100.0
572.3	2419.1	1100.0
638.9	3717.7	1100.0
575.7	2387.6	1100.0
587.2	2601.1	1100.0
647.1	3689.8	1100.0
597.2	2636.8	1100.0
583.9	2355.3	1100.0
655.3	3662.7	1100.0
606.9	2664.7	1100.0
593.3	2327.8	1100.0
652.5	3426.9	1100.0
617.8	2694.2	1100.0
662.5	3638.0	1100.0
605.1	2300.1	1100.0
668.2	3607.2	1100.0
632.1	2720.6	1100.0
671.4	3575.9	1100.0
670.4	3454.5	1100.0
674.7	3544.8	1100.0
618.0	2272.0	1100.0
679.2	3514.0	1100.0
677.9	3478.4	1100.0
650.1	2748.2	1100.0
631.0	2244.5	1100.0
673.9	2774.7	1100.0
646.5	2219.1	1100.0
664.2	2192.2	1100.0
700.9	2792.0	1100.0
685.6	2167.4	1100.0
727.4	2798.3	1100.0
711.4	2158.6	1100.0
753.6	2799.1	1100.0
736.9	2170.0	1100.0
779.4	2792.1	1100.0
759.7	2198.3	1100.0
804.8	2775.7	1100.0
779.9	2225.0	1100.0
799.1	2252.6	1100.0
830.0	2755.3	1100.0
815.9	2281.0	1100.0
855.2	2735.3	1100.0
830.4	2311.0	1100.0
843.8	2342.1	1100.0
880.7	2720.1	1100.0
857.0	2370.8	1100.0
870.2	2397.4	1100.0
882.3	2427.1	1100.0
906.2	2705.5	1100.0
893.4	2460.4	1100.0
904.5	2494.1	1100.0
925.3	2682.0	1100.0
914.3	2525.3	1100.0
920.5	2556.4	1100.0
930.7	2596.6	1100.0
934.6	2653.5	1100.0
934.3	2622.2	1100.0
2638.7	2549.3	1100.0
2640.3	2506.8	1100.0
2646.5	2588.8	1100.0
2646.0	2477.7	1100.0
2657.4	2617.6	1100.0
2655.4	2449.7	1100.0
2673.1	2647.9	1100.0
2667.3	2423.7	1100.0
2691.1	2674.8	1100.0
2683.9	2397.3	1100.0
2709.0	2702.2	1100.0
2705.3	2373.7	1100.0
2726.9	2728.9	1100.0
2744.8	2755.6	1100.0
2730.8	2357.7	1100.0
2761.5	2781.7	1100.0
2756.5	2349.7	1100.0
2777.0	2807.5	1100.0
2798.4	2832.6	1100.0
2782.4	2344.0	1100.0
2825.4	2848.7	1100.0
2808.4	2339.9	1100.0
2851.9	2855.8	1100.0
2834.5	2338.1	1100.0
2877.8	2855.5	1100.0
2860.6	2337.7	1100.0
2904.0	2851.5	1100.0
2887.0	2341.0	1100.0
2927.0	2836.4	1100.0
2913.5	2348.6	1100.0
2941.2	2809.0	1100.0
2948.0	2777.2	1100.0
2940.3	2362.0	1100.0
2951.2	2744.0	1100.0
2955.8	2715.9	1100.0
2964.0	2687.9	1100.0
2973.5	2661.7	1100.0
2962.7	2383.6	1100.0
2985.3	2633.8	1100.0
2979.5	2411.2	1100.0
2998.2	2606.7	1100.0
2995.0	2438.2	1100.0
3010.2	2583.0	1100.0
3008.2	2465.9	1100.0
3018.6	2558.9	1100.0
3017.7	2490.6	1100.0
3023.3	2532.1	1100.0
3022.3	2511.8	1100.0